"TOA5","CR300Series_406","CR300","27024","CR300-RF407.Std.10.03","CPU:CR300_sapflow.CR300","8254","Table1"
"TIMESTAMP","RECORD","BattV_Min","id","SDI0","SapFlwTot0","VhOuter0","VhInner0","AlphaOut0","AlphaIn0","BetaOut0","BetaIn0","tMaxTout0","tMaxTin0"
"TS","RN","Volts","","","literPerHour","heatVelocity","heatVelocity","logTRatio","logTRatio","logTRatio","logTRatio","second","second"
"","","Min","Smp","Smp","Smp","Smp","Smp","Smp","Smp","Smp","Smp","Smp","Smp"
"2021-05-26 10:30:00",0,12.81,406,0,"NAN","NAN","NAN","NAN","NAN","NAN","NAN","NAN","NAN"
"2021-05-26 11:00:00",1,13.03,406,0,0.226,3.08,-0.86,0.273,-0.077,0.218,-0.281,51.71,41.28
"2021-05-26 11:30:00",2,13.13,406,0,0.298,3.62,-0.64,0.321,-0.058,0.289,-0.259,56.42,42.68
"2021-05-26 12:00:00",3,13.01,406,0,0.336,4.05,-0.68,0.359,-0.062,0.312,-0.267,51.35,41.76
"2021-05-26 12:30:00",4,13.03,406,0,0.269,3.47,-0.8,0.307,-0.072,0.247,-0.282,47.4,40.53
"2021-05-26 13:00:00",5,12.93,406,0,0.335,4.05,-0.7,0.358,-0.063,0.294,-0.282,50.31,40.15
"2021-05-26 13:30:00",6,12.9,406,0,0.429,5.03,-0.72,0.445,-0.065,0.357,-0.297,49.93,39.5
"2021-05-26 14:00:00",7,12.89,406,0,0.321,3.94,-0.73,0.349,-0.065,0.288,-0.283,49.03,40.66
"2021-05-26 14:30:00",8,12.84,406,0,0.28,3.69,-0.92,0.327,-0.083,0.23,-0.31,43.93,38.87
"2021-05-26 15:00:00",9,12.82,406,0,0.271,3.45,-0.76,0.306,-0.068,0.24,-0.294,51.03,39.77
"2021-05-26 15:30:00",10,12.79,406,0,0.306,3.95,-0.91,0.35,-0.082,0.277,-0.307,54.17,39.19
"2021-05-26 16:00:00",11,12.78,406,0,0.273,3.6,-0.9,0.319,-0.08,0.218,-0.31,50.11,38.86
"2021-05-26 16:30:00",12,12.77,406,0,0.162,2.77,-1.25,0.245,-0.111,0.137,-0.333,46.29,37.93
"2021-05-26 17:00:00",13,12.76,406,0,0.117,2.31,-1.25,0.204,-0.112,0.098,-0.331,48.55,38.37
"2021-05-26 17:30:00",14,12.75,406,0,0.064,1.82,-1.3,0.161,-0.116,0.061,-0.333,47.98,37.96
"2021-05-26 18:00:00",15,12.74,406,0,0.04,1.62,-1.36,0.143,-0.122,0.044,-0.338,48.08,38.06
"2021-05-26 18:30:00",16,12.74,406,0,0.013,1.41,-1.43,0.124,-0.127,0.016,-0.341,47.9,37.87
"2021-05-26 19:00:00",17,12.73,406,0,-0.056,0.76,-1.51,0.068,-0.135,-0.035,-0.348,47.45,37.83
"2021-05-26 19:30:00",18,12.72,406,0,-0.098,0.41,-1.6,0.037,-0.142,-0.072,-0.354,47.16,37.7
"2021-05-26 20:00:00",19,12.72,406,0,-0.167,-0.18,-1.73,-0.017,-0.154,-0.119,-0.36,47.25,37.36
"2021-05-26 20:30:00",20,12.71,406,0,-0.204,-0.49,-1.8,-0.044,-0.16,-0.144,-0.362,47.4,37.77
"2021-05-26 21:00:00",21,12.7,406,0,-0.221,-0.66,-1.81,-0.059,-0.161,-0.154,-0.363,47.4,37.78
"2021-05-26 21:30:00",22,12.69,406,0,-0.225,-0.69,-1.82,-0.062,-0.162,-0.155,-0.36,47.48,37.85
"2021-05-26 22:00:00",23,12.69,406,0,-0.237,-0.81,-1.82,-0.072,-0.162,-0.164,-0.36,48.1,38.05
"2021-05-26 22:30:00",24,12.68,406,0,-0.243,-0.86,-1.83,-0.077,-0.163,-0.165,-0.36,47.79,38
"2021-05-26 23:00:00",25,12.68,406,0,-0.245,-0.88,-1.84,-0.079,-0.164,-0.168,-0.358,48.72,38.41
"2021-05-26 23:30:00",26,12.67,406,0,-0.244,-0.86,-1.85,-0.077,-0.165,-0.17,-0.361,47.45,38.22
"2021-05-27 00:00:00",27,12.67,406,0,-0.242,-0.83,-1.86,-0.075,-0.165,-0.17,-0.363,48.02,38.38
"2021-05-27 00:30:00",28,12.67,406,0,-0.258,-1.02,-1.83,-0.091,-0.163,-0.178,-0.36,47.67,37.87
"2021-05-27 01:00:00",29,12.66,406,0,-0.266,-1.04,-1.9,-0.093,-0.169,-0.188,-0.367,47.74,38.51
"2021-05-27 01:30:00",30,12.66,406,0,-0.265,-1.03,-1.9,-0.092,-0.169,-0.18,-0.363,48.71,38.66
"2021-05-27 02:00:00",31,12.65,406,0,-0.266,-1.05,-1.89,-0.094,-0.168,-0.182,-0.358,48.42,38.2
"2021-05-27 02:30:00",32,12.65,406,0,-0.265,-1.06,-1.86,-0.094,-0.165,-0.18,-0.357,48.43,38.36
"2021-05-27 03:00:00",33,12.65,406,0,-0.266,-1.06,-1.87,-0.095,-0.166,-0.183,-0.36,48.35,38.45
"2021-05-27 03:30:00",34,12.65,406,0,-0.263,-1.04,-1.86,-0.093,-0.166,-0.181,-0.358,47.88,38.66
"2021-05-27 04:00:00",35,12.64,406,0,-0.257,-0.96,-1.88,-0.086,-0.167,-0.178,-0.361,48.68,38.2
"2021-05-27 04:30:00",36,12.64,406,0,-0.252,-0.93,-1.86,-0.083,-0.165,-0.175,-0.361,48.32,38
"2021-05-27 05:00:00",37,12.64,406,0,-0.265,-1.04,-1.89,-0.093,-0.169,-0.181,-0.361,48.45,38.38
"2021-05-27 05:30:00",38,12.64,406,0,-0.265,-1.03,-1.9,-0.092,-0.169,-0.18,-0.357,48.79,38.16
"2021-05-27 06:00:00",39,12.64,406,0,-0.245,-0.88,-1.84,-0.079,-0.163,-0.165,-0.357,48.45,38.64
"2021-05-27 06:30:00",40,12.63,406,0,-0.206,-0.54,-1.77,-0.049,-0.157,-0.137,-0.353,49.2,38.47
"2021-05-27 07:00:00",41,12.63,406,0,-0.164,-0.19,-1.68,-0.018,-0.15,-0.107,-0.35,48.56,38.77
"2021-05-27 07:30:00",42,12.63,406,0,-0.048,0.86,-1.52,0.076,-0.136,-0.016,-0.336,48.87,39.22
"2021-05-27 08:00:00",43,12.63,406,0,0.052,1.72,-1.33,0.153,-0.118,0.066,-0.325,48.78,39.55
"2021-05-27 08:30:00",44,12.63,406,0,0.158,2.65,-1.16,0.234,-0.104,0.134,-0.316,51.74,40.03
"2021-05-27 09:00:00",45,12.63,406,0,0.229,3.23,-0.99,0.286,-0.089,0.216,-0.303,50.58,40.38
"2021-05-27 09:30:00",46,12.68,406,0,0.266,3.54,-0.92,0.313,-0.082,0.216,-0.301,50.34,39.88
"2021-05-27 10:00:00",47,12.72,406,0,0.281,3.43,-0.62,0.303,-0.056,0.276,-0.261,61.75,42.77
"2021-05-27 10:30:00",48,12.82,406,0,0.318,3.77,-0.58,0.334,-0.052,0.295,-0.264,57.14,41.89
"2021-05-27 11:00:00",49,13.16,406,0,0.295,3.56,-0.61,0.315,-0.055,0.27,-0.258,54.48,42.96
"2021-05-27 11:30:00",50,13.21,406,0,0.284,3.51,-0.67,0.311,-0.06,0.255,-0.266,52.18,42.16
"2021-05-27 12:00:00",51,13,406,0,0.254,3.28,-0.76,0.29,-0.068,0.224,-0.272,50.98,41.79
"2021-05-27 12:30:00",52,13.03,406,0,0.112,1.92,-0.87,0.17,-0.078,0.118,-0.286,45.68,41.19
"2021-05-27 13:00:00",53,12.91,406,0,0.239,3.12,-0.75,0.277,-0.067,0.205,-0.285,47.89,40.35
"2021-05-27 13:30:00",54,12.9,406,0,0.31,3.93,-0.85,0.348,-0.076,0.233,-0.308,51.18,38.94
"2021-05-27 14:00:00",55,12.88,406,0,0.225,3.21,-1.01,0.284,-0.091,0.167,-0.303,48.94,39.59
"2021-05-27 14:30:00",56,12.84,406,0,0.18,3.03,-1.33,0.269,-0.119,0.072,-0.342,39.7,36.97
"2021-05-27 15:00:00",57,12.82,406,0,0.144,2.49,-1.14,0.22,-0.101,0.097,-0.33,43.71,37.67
"2021-05-27 15:30:00",58,12.8,406,0,0.218,3.11,-0.98,0.276,-0.087,0.178,-0.315,52,38.83
"2021-05-27 16:00:00",59,12.78,406,0,0.206,3.01,-1.01,0.267,-0.09,0.14,-0.323,50.36,38.53
"2021-05-27 16:30:00",60,12.77,406,0,0.052,1.79,-1.41,0.158,-0.126,0.023,-0.348,44.26,37.13
"2021-05-27 17:00:00",61,12.76,406,0,-0.003,1.3,-1.5,0.115,-0.133,-0.004,-0.347,45.37,37.41
"2021-05-27 17:30:00",62,12.75,406,0,-0.044,0.91,-1.54,0.081,-0.137,-0.033,-0.346,44.66,37.78
"2021-05-27 18:00:00",63,12.75,406,0,-0.037,0.95,-1.5,0.084,-0.134,-0.035,-0.349,44.93,37.22
"2021-05-27 18:30:00",64,12.74,406,0,-0.057,0.77,-1.53,0.068,-0.136,-0.046,-0.348,46.27,37.07
"2021-05-27 19:00:00",65,12.73,406,0,-0.098,0.44,-1.63,0.039,-0.145,-0.071,-0.355,45.45,37.07
"2021-05-27 19:30:00",66,12.73,406,0,-0.118,0.25,-1.65,0.022,-0.147,-0.097,-0.357,44.22,36.82
"2021-05-27 20:00:00",67,12.72,406,0,-0.154,-0.08,-1.69,-0.008,-0.151,-0.124,-0.36,44,37.53
"2021-05-27 20:30:00",68,12.71,406,0,-0.199,-0.45,-1.79,-0.041,-0.159,-0.149,-0.364,44.9,37.34
"2021-05-27 21:00:00",69,12.7,406,0,-0.235,-0.75,-1.87,-0.067,-0.166,-0.169,-0.365,44.09,37.19
"2021-05-27 21:30:00",70,12.69,406,0,-0.241,-0.83,-1.85,-0.074,-0.165,-0.172,-0.364,43.84,37.77
"2021-05-27 22:00:00",71,12.69,406,0,-0.246,-0.87,-1.86,-0.078,-0.165,-0.171,-0.363,45.1,37.94
"2021-05-27 22:30:00",72,12.68,406,0,-0.254,-0.92,-1.89,-0.082,-0.168,-0.177,-0.365,44.78,37.78
"2021-05-27 23:00:00",73,12.67,406,0,-0.263,-1,-1.91,-0.09,-0.17,-0.183,-0.362,44.99,37.42
"2021-05-27 23:30:00",74,12.67,406,0,-0.268,-1.04,-1.92,-0.093,-0.171,-0.184,-0.365,44.17,37.85
"2021-05-28 00:00:00",75,12.66,406,0,-0.275,-1.15,-1.88,-0.103,-0.168,-0.194,-0.364,44.18,38.11
"2021-05-28 00:30:00",76,12.66,406,0,-0.273,-1.11,-1.9,-0.099,-0.169,-0.193,-0.362,44.73,37.58
"2021-05-28 01:00:00",77,12.65,406,0,-0.281,-1.2,-1.89,-0.107,-0.169,-0.196,-0.363,45.04,38.04
"2021-05-28 01:30:00",78,12.65,406,0,-0.279,-1.13,-1.94,-0.101,-0.172,-0.192,-0.361,45.9,38.17
"2021-05-28 02:00:00",79,12.64,406,0,-0.282,-1.19,-1.91,-0.107,-0.17,-0.195,-0.36,45.47,37.74
"2021-05-28 02:30:00",80,12.64,406,0,-0.279,-1.17,-1.9,-0.104,-0.169,-0.195,-0.361,45.7,37.86
"2021-05-28 03:00:00",81,12.64,406,0,-0.277,-1.15,-1.9,-0.103,-0.169,-0.192,-0.361,46.06,38.64
"2021-05-28 03:30:00",82,12.63,406,0,-0.285,-1.21,-1.92,-0.108,-0.171,-0.194,-0.359,45.4,38.5
"2021-05-28 04:00:00",83,12.63,406,0,-0.278,-1.15,-1.91,-0.103,-0.17,-0.192,-0.359,46.16,38.17
"2021-05-28 04:30:00",84,12.63,406,0,-0.28,-1.19,-1.89,-0.106,-0.168,-0.195,-0.361,45.77,38.61
"2021-05-28 05:00:00",85,12.63,406,0,-0.291,-1.24,-1.96,-0.111,-0.175,-0.196,-0.359,45.09,38.35
"2021-05-28 05:30:00",86,12.62,406,0,-0.284,-1.22,-1.9,-0.109,-0.169,-0.193,-0.356,45.87,37.88
"2021-05-28 06:00:00",87,12.62,406,0,-0.275,-1.16,-1.87,-0.104,-0.167,-0.191,-0.358,45.5,38.49
"2021-05-28 06:30:00",88,12.62,406,0,-0.252,-0.98,-1.8,-0.087,-0.16,-0.174,-0.351,46.16,38.85
"2021-05-28 07:00:00",89,12.62,406,0,-0.248,-0.9,-1.85,-0.08,-0.164,-0.168,-0.354,46.37,38.8
"2021-05-28 07:30:00",90,12.62,406,0,-0.216,-0.61,-1.8,-0.055,-0.16,-0.146,-0.353,46.56,38.73
"2021-05-28 08:00:00",91,12.62,406,0,-0.129,0.11,-1.61,0.01,-0.143,-0.085,-0.342,46.91,39.34
"2021-05-28 08:30:00",92,12.61,406,0,-0.06,0.72,-1.51,0.063,-0.134,-0.041,-0.336,47.79,38.83
"2021-05-28 09:00:00",93,12.62,406,0,0.013,1.33,-1.34,0.118,-0.12,0.036,-0.323,49.59,39.95
"2021-05-28 09:30:00",94,12.68,406,0,0.107,2.14,-1.17,0.19,-0.104,0.093,-0.31,49.23,40.42
"2021-05-28 10:00:00",95,12.69,406,0,0.162,2.41,-0.84,0.213,-0.075,0.159,-0.274,52.01,41
"2021-05-28 10:30:00",96,12.82,406,0,0.192,2.84,-0.98,0.251,-0.087,0.15,-0.295,46.81,40.5
"2021-05-28 11:00:00",97,12.79,406,0,0.265,3.47,-0.85,0.307,-0.076,0.213,-0.292,50.09,40.31
"2021-05-28 11:30:00",98,12.77,406,0,0.293,3.56,-0.63,0.315,-0.057,0.26,-0.277,55.63,41.88
"2021-05-28 12:00:00",99,12.87,406,0,0.22,3.14,-0.99,0.278,-0.088,0.145,-0.297,44.79,39.88
"2021-05-28 12:30:00",100,12.88,406,0,0.168,2.43,-0.79,0.215,-0.071,0.157,-0.28,45.4,41.42
"2021-05-28 13:00:00",101,12.82,406,0,0.278,3.76,-1.02,0.332,-0.091,0.155,-0.324,44.55,38.24
"2021-05-28 13:30:00",102,12.83,406,0,0.293,3.72,-0.81,0.329,-0.072,0.205,-0.302,51.35,39
"2021-05-28 14:00:00",103,12.82,406,0,0.207,2.8,-0.76,0.248,-0.068,0.172,-0.287,48.76,39.98
"2021-05-28 14:30:00",104,12.78,406,0,0.196,2.96,-1.07,0.262,-0.095,0.111,-0.321,42.43,38.35
"2021-05-28 15:00:00",105,12.75,406,0,0.108,2.38,-1.43,0.211,-0.128,0.023,-0.359,42.48,36.85
"2021-05-28 15:30:00",106,12.74,406,0,0.005,1.37,-1.48,0.121,-0.132,-0.015,-0.351,44.79,37.08
"2021-05-28 16:00:00",107,12.72,406,0,0.147,2.57,-1.19,0.228,-0.107,0.091,-0.33,50.25,37.74
"2021-05-28 16:30:00",108,12.7,406,0,-0.08,0.53,-1.52,0.046,-0.135,-0.053,-0.351,43.28,37.79
"2021-05-28 17:00:00",109,12.7,406,0,-0.147,0.06,-1.76,0.006,-0.156,-0.118,-0.368,42.71,35.98
"2021-05-28 17:30:00",110,12.69,406,0,-0.127,0.17,-1.66,0.015,-0.148,-0.1,-0.356,44.74,37.6
"2021-05-28 18:00:00",111,12.67,406,0,-0.116,0.2,-1.56,0.018,-0.139,-0.088,-0.347,45.08,37.67
"2021-05-28 18:30:00",112,12.66,406,0,-0.14,-0.02,-1.59,-0.003,-0.142,-0.112,-0.351,44.57,37.01
"2021-05-28 19:00:00",113,12.66,406,0,-0.192,-0.43,-1.73,-0.039,-0.154,-0.136,-0.356,44.9,36.92
"2021-05-28 19:30:00",114,12.65,406,0,-0.218,-0.64,-1.79,-0.058,-0.16,-0.16,-0.362,44.41,37.01
"2021-05-28 20:00:00",115,12.65,406,0,-0.233,-0.81,-1.78,-0.072,-0.159,-0.172,-0.36,44.6,37.03
"2021-05-28 20:30:00",116,12.64,406,0,-0.258,-1.03,-1.82,-0.092,-0.162,-0.182,-0.36,44.33,37.6
"2021-05-28 21:00:00",117,12.63,406,0,-0.262,-1.06,-1.83,-0.095,-0.163,-0.191,-0.36,44.29,37.55
"2021-05-28 21:30:00",118,12.63,406,0,-0.276,-1.16,-1.88,-0.103,-0.167,-0.196,-0.365,44.23,37.49
"2021-05-28 22:00:00",119,12.63,406,0,-0.286,-1.24,-1.9,-0.111,-0.169,-0.202,-0.363,43.47,37.56
"2021-05-28 22:30:00",120,12.62,406,0,-0.286,-1.22,-1.93,-0.109,-0.172,-0.201,-0.368,44.21,37.73
"2021-05-28 23:00:00",121,12.62,406,0,-0.287,-1.26,-1.89,-0.113,-0.168,-0.204,-0.363,44.41,38.09
"2021-05-28 23:30:00",122,12.62,406,0,-0.287,-1.28,-1.87,-0.114,-0.166,-0.201,-0.36,44.2,37.88
"2021-05-29 00:00:00",123,12.62,406,0,-0.275,-1.17,-1.85,-0.104,-0.164,-0.194,-0.359,44.39,38.48
"2021-05-29 00:30:00",124,12.61,406,0,-0.281,-1.24,-1.85,-0.11,-0.165,-0.2,-0.359,44.94,37.63
"2021-05-29 01:00:00",125,12.61,406,0,-0.283,-1.23,-1.88,-0.11,-0.168,-0.202,-0.36,44.05,37.46
"2021-05-29 01:30:00",126,12.61,406,0,-0.285,-1.25,-1.88,-0.112,-0.167,-0.201,-0.361,43.78,37.04
"2021-05-29 02:00:00",127,12.61,406,0,-0.286,-1.29,-1.85,-0.115,-0.165,-0.202,-0.36,43.74,37.26
"2021-05-29 02:30:00",128,12.6,406,0,-0.285,-1.26,-1.87,-0.112,-0.167,-0.204,-0.359,43.86,37.53
"2021-05-29 03:00:00",129,12.6,406,0,-0.285,-1.23,-1.9,-0.11,-0.169,-0.199,-0.36,44.67,37.94
"2021-05-29 03:30:00",130,12.6,406,0,-0.295,-1.32,-1.92,-0.117,-0.171,-0.208,-0.361,44.22,38.31
"2021-05-29 04:00:00",131,12.6,406,0,-0.294,-1.31,-1.91,-0.117,-0.17,-0.208,-0.361,44.03,37.44
"2021-05-29 04:30:00",132,12.6,406,0,-0.29,-1.27,-1.91,-0.113,-0.17,-0.205,-0.359,44.25,37.76
"2021-05-29 05:00:00",133,12.6,406,0,-0.315,-1.49,-1.95,-0.133,-0.174,-0.215,-0.365,43.05,37.54
"2021-05-29 05:30:00",134,12.59,406,0,-0.297,-1.34,-1.92,-0.12,-0.171,-0.211,-0.366,43.29,37.63
"2021-05-29 06:00:00",135,12.59,406,0,-0.297,-1.31,-1.95,-0.117,-0.173,-0.211,-0.365,43.82,37.33
"2021-05-29 06:30:00",136,12.59,406,0,-0.305,-1.41,-1.93,-0.125,-0.171,-0.215,-0.366,43.72,38.06
"2021-05-29 07:00:00",137,12.59,406,0,-0.287,-1.19,-1.97,-0.107,-0.175,-0.206,-0.369,43.37,37.6
"2021-05-29 07:30:00",138,12.58,406,0,-0.295,-1.29,-1.95,-0.115,-0.174,-0.207,-0.364,45.51,38.34
"2021-05-29 08:00:00",139,12.58,406,0,-0.293,-1.3,-1.91,-0.116,-0.17,-0.204,-0.361,44.98,38.49
"2021-05-29 08:30:00",140,12.58,406,0,-0.304,-1.38,-1.95,-0.123,-0.174,-0.211,-0.361,43.84,38.34
"2021-05-29 09:00:00",141,12.57,406,0,-0.299,-1.36,-1.92,-0.121,-0.171,-0.213,-0.361,44.42,37.66
"2021-05-29 09:30:00",142,12.57,406,0,-0.287,-1.26,-1.89,-0.112,-0.168,-0.204,-0.36,44.42,38.08
"2021-05-29 10:00:00",143,12.57,406,0,-0.288,-1.26,-1.9,-0.112,-0.169,-0.198,-0.357,44.67,38.34
"2021-05-29 10:30:00",144,12.56,406,0,-0.278,-1.17,-1.89,-0.104,-0.169,-0.197,-0.359,44.86,38.1
"2021-05-29 11:00:00",145,12.57,406,0,-0.289,-1.26,-1.91,-0.112,-0.17,-0.204,-0.361,44.54,37.36
"2021-05-29 11:30:00",146,12.56,406,0,-0.275,-1.11,-1.92,-0.099,-0.171,-0.197,-0.36,42.81,37.88
"2021-05-29 12:00:00",147,12.56,406,0,-0.293,-1.3,-1.92,-0.116,-0.171,-0.201,-0.357,41.36,38.34
"2021-05-29 12:30:00",148,12.56,406,0,-0.271,-1.14,-1.84,-0.102,-0.164,-0.193,-0.353,44.06,38.13
"2021-05-29 13:00:00",149,12.56,406,0,-0.255,-0.99,-1.83,-0.089,-0.162,-0.17,-0.354,44.8,38.04
"2021-05-29 13:30:00",150,12.56,406,0,-0.267,-1.08,-1.86,-0.096,-0.165,-0.19,-0.354,43.4,38.15
"2021-05-29 14:00:00",151,12.56,406,0,-0.254,-0.97,-1.84,-0.087,-0.164,-0.18,-0.357,44.59,37.99
"2021-05-29 14:30:00",152,12.55,406,0,-0.252,-0.91,-1.88,-0.082,-0.167,-0.187,-0.357,43.3,38.36
"2021-05-29 15:00:00",153,12.55,406,0,-0.286,-1.26,-1.88,-0.113,-0.167,-0.2,-0.358,42.31,37.63
"2021-05-29 15:30:00",154,12.55,406,0,-0.295,-1.32,-1.92,-0.117,-0.171,-0.204,-0.36,44.54,38.46
"2021-05-29 16:00:00",155,12.55,406,0,-0.314,-1.47,-1.96,-0.131,-0.174,-0.203,-0.36,45.38,37.79
"2021-05-29 16:30:00",156,12.55,406,0,-0.32,-1.52,-1.98,-0.136,-0.176,-0.222,-0.363,45.28,37.53
"2021-05-29 17:00:00",157,12.54,406,0,-0.289,-1.24,-1.94,-0.111,-0.173,-0.198,-0.358,44.92,37.9
"2021-05-29 17:30:00",158,12.54,406,0,-0.287,-1.25,-1.9,-0.112,-0.169,-0.199,-0.359,44.3,37.54
"2021-05-29 18:00:00",159,12.54,406,0,-0.279,-1.17,-1.9,-0.105,-0.169,-0.186,-0.356,44.52,37.91
"2021-05-29 18:30:00",160,12.54,406,0,-0.289,-1.28,-1.89,-0.114,-0.168,-0.195,-0.355,44.93,38.01
"2021-05-29 19:00:00",161,12.54,406,0,-0.278,-1.19,-1.87,-0.106,-0.167,-0.202,-0.357,45.43,37.99
"2021-05-29 19:30:00",162,12.54,406,0,-0.289,-1.3,-1.87,-0.116,-0.166,-0.201,-0.357,46.18,38.01
"2021-05-29 20:00:00",163,12.53,406,0,-0.285,-1.26,-1.87,-0.113,-0.166,-0.198,-0.353,43.98,38.88
"2021-05-29 20:30:00",164,12.53,406,0,-0.312,-1.45,-1.96,-0.129,-0.175,-0.221,-0.357,44.04,37.85
"2021-05-29 21:00:00",165,12.53,406,0,-0.293,-1.3,-1.92,-0.116,-0.171,-0.207,-0.357,44.44,38.77
"2021-05-29 21:30:00",166,12.53,406,0,-0.293,-1.3,-1.92,-0.116,-0.171,-0.21,-0.357,43.87,38.36
"2021-05-29 22:00:00",167,12.53,406,0,-0.283,-1.2,-1.91,-0.107,-0.17,-0.195,-0.355,44.45,37.95
"2021-05-29 22:30:00",168,12.53,406,0,-0.296,-1.32,-1.93,-0.118,-0.172,-0.211,-0.357,44.97,38.37
"2021-05-29 23:00:00",169,12.53,406,0,-0.293,-1.3,-1.91,-0.116,-0.17,-0.203,-0.355,42.79,37.85
"2021-05-29 23:30:00",170,12.53,406,0,-0.281,-1.17,-1.92,-0.105,-0.171,-0.199,-0.355,46.22,37.8
"2021-05-30 00:00:00",171,12.52,406,0,-0.286,-1.26,-1.88,-0.112,-0.167,-0.203,-0.357,45.38,38.62
"2021-05-30 00:30:00",172,12.52,406,0,-0.284,-1.24,-1.88,-0.111,-0.167,-0.205,-0.355,45.17,38.57
"2021-05-30 01:00:00",173,12.52,406,0,-0.296,-1.34,-1.91,-0.12,-0.17,-0.213,-0.357,44.87,38.94
"2021-05-30 01:30:00",174,12.52,406,0,-0.299,-1.35,-1.93,-0.12,-0.172,-0.209,-0.357,46.38,38.37
"2021-05-30 02:00:00",175,12.52,406,0,-0.297,-1.35,-1.9,-0.121,-0.169,-0.209,-0.356,44.88,38.53
"2021-05-30 02:30:00",176,12.52,406,0,-0.292,-1.3,-1.9,-0.116,-0.169,-0.2,-0.357,45.15,38.13
"2021-05-30 03:00:00",177,12.52,406,0,-0.29,-1.3,-1.88,-0.116,-0.168,-0.199,-0.354,44.9,37.98
"2021-05-30 03:30:00",178,12.51,406,0,-0.292,-1.31,-1.89,-0.117,-0.168,-0.21,-0.357,44.72,38.11
"2021-05-30 04:00:00",179,12.51,406,0,-0.29,-1.28,-1.9,-0.115,-0.169,-0.201,-0.354,44.92,38.16
"2021-05-30 04:30:00",180,12.51,406,0,-0.292,-1.32,-1.88,-0.118,-0.167,-0.204,-0.355,45.87,38.02
"2021-05-30 05:00:00",181,12.51,406,0,-0.292,-1.29,-1.92,-0.115,-0.171,-0.196,-0.356,42.38,38.53
"2021-05-30 05:30:00",182,12.51,406,0,-0.294,-1.31,-1.92,-0.117,-0.171,-0.206,-0.355,43.7,37.93
"2021-05-30 06:00:00",183,12.51,406,0,-0.298,-1.35,-1.92,-0.121,-0.171,-0.207,-0.355,45.3,38.53
"2021-05-30 06:30:00",184,12.51,406,0,-0.292,-1.29,-1.91,-0.115,-0.17,-0.202,-0.355,43.85,38.59
"2021-05-30 07:00:00",185,12.5,406,0,-0.295,-1.29,-1.95,-0.115,-0.173,-0.204,-0.357,44.83,38.48
"2021-05-30 07:30:00",186,12.5,406,0,-0.29,-1.26,-1.92,-0.112,-0.171,-0.202,-0.355,44.58,39.07
"2021-05-30 08:00:00",187,12.5,406,0,-0.29,-1.3,-1.88,-0.116,-0.168,-0.203,-0.354,45.55,38.63
"2021-05-30 08:30:00",188,12.5,406,0,-0.28,-1.19,-1.89,-0.106,-0.168,-0.199,-0.353,45.84,38.82
"2021-05-30 09:00:00",189,12.5,406,0,-0.276,-1.18,-1.85,-0.105,-0.165,-0.195,-0.353,45.04,38.02
"2021-05-30 09:30:00",190,12.5,406,0,-0.284,-1.22,-1.9,-0.109,-0.169,-0.191,-0.352,45.93,38.6
"2021-05-30 10:00:00",191,12.49,406,0,-0.261,-1.07,-1.81,-0.095,-0.161,-0.187,-0.349,47.5,38.5
"2021-05-30 10:30:00",192,12.49,406,0,-0.243,-0.86,-1.83,-0.077,-0.163,-0.178,-0.348,44.87,39.1
"2021-05-30 11:00:00",193,12.5,406,0,-0.239,-0.85,-1.8,-0.076,-0.16,-0.164,-0.348,44.41,38.63
"2021-05-30 11:30:00",194,12.5,406,0,-0.236,-0.82,-1.8,-0.073,-0.161,-0.177,-0.35,47.06,38.22
"2021-05-30 12:00:00",195,12.49,406,0,-0.234,-0.83,-1.77,-0.074,-0.158,-0.166,-0.344,45.49,39.14
"2021-05-30 12:30:00",196,12.49,406,0,-0.217,-0.69,-1.73,-0.062,-0.154,-0.153,-0.346,46.03,38.02
"2021-05-30 13:00:00",197,12.49,406,0,-0.214,-0.63,-1.76,-0.057,-0.157,-0.145,-0.346,44.73,37.97
"2021-05-30 13:30:00",198,12.49,406,0,-0.184,-0.33,-1.75,-0.03,-0.156,-0.13,-0.351,49.73,38.81
"2021-05-30 14:00:00",199,12.49,406,0,-0.201,-0.51,-1.75,-0.046,-0.155,-0.137,-0.348,45.52,38.75
"2021-05-30 14:30:00",200,12.49,406,0,-0.203,-0.55,-1.72,-0.05,-0.153,-0.137,-0.348,45.16,38.81
"2021-05-30 15:00:00",201,12.49,406,0,-0.181,-0.34,-1.71,-0.031,-0.152,-0.121,-0.343,46.66,38.64
"2021-05-30 15:30:00",202,12.49,406,0,-0.206,-0.58,-1.72,-0.052,-0.154,-0.15,-0.341,46.94,38.36
"2021-05-30 16:00:00",203,12.49,406,0,-0.172,-0.27,-1.68,-0.025,-0.149,-0.121,-0.344,45.45,38.53
"2021-05-30 16:30:00",204,12.48,406,0,-0.17,-0.24,-1.69,-0.022,-0.151,-0.124,-0.345,45.29,38.11
"2021-05-30 17:00:00",205,12.49,406,0,-0.154,-0.08,-1.69,-0.008,-0.151,-0.113,-0.344,44.92,38.16
"2021-05-30 17:30:00",206,12.49,406,0,-0.164,-0.22,-1.64,-0.02,-0.146,-0.122,-0.344,44.29,38.94
"2021-05-30 18:00:00",207,12.48,406,0,-0.139,0.03,-1.64,0.003,-0.146,-0.1,-0.344,46.27,38.53
"2021-05-30 18:30:00",208,12.48,406,0,-0.149,-0.05,-1.66,-0.005,-0.148,-0.106,-0.344,45.23,38.05
"2021-05-30 19:00:00",209,12.48,406,0,-0.163,-0.16,-1.7,-0.015,-0.151,-0.121,-0.347,44.44,38.09
"2021-05-30 19:30:00",210,12.48,406,0,-0.159,-0.16,-1.66,-0.015,-0.148,-0.117,-0.347,45.4,38.38
"2021-05-30 20:00:00",211,12.48,406,0,-0.187,-0.39,-1.72,-0.036,-0.153,-0.132,-0.349,44.5,38.58
"2021-05-30 20:30:00",212,12.48,406,0,-0.199,-0.48,-1.75,-0.043,-0.156,-0.143,-0.351,45.09,38.49
"2021-05-30 21:00:00",213,12.48,406,0,-0.211,-0.62,-1.74,-0.055,-0.155,-0.151,-0.35,45.82,38.64
"2021-05-30 21:30:00",214,12.48,406,0,-0.223,-0.7,-1.79,-0.063,-0.159,-0.159,-0.35,45.29,38.27
"2021-05-30 22:00:00",215,12.47,406,0,-0.232,-0.76,-1.82,-0.068,-0.162,-0.16,-0.351,44.81,38.61
"2021-05-30 22:30:00",216,12.47,406,0,-0.234,-0.81,-1.79,-0.073,-0.159,-0.167,-0.351,45.63,38.03
"2021-05-30 23:00:00",217,12.47,406,0,-0.24,-0.87,-1.79,-0.078,-0.159,-0.173,-0.351,44.79,38.59
"2021-05-30 23:30:00",218,12.47,406,0,-0.25,-0.93,-1.84,-0.083,-0.163,-0.174,-0.354,45.39,37.8
"2021-05-31 00:00:00",219,12.47,406,0,-0.249,-0.92,-1.84,-0.083,-0.164,-0.175,-0.353,45.37,38.34
"2021-05-31 00:30:00",220,12.46,406,0,-0.246,-0.89,-1.84,-0.08,-0.163,-0.172,-0.35,44.93,38.58
"2021-05-31 01:00:00",221,12.46,406,0,-0.253,-0.98,-1.81,-0.088,-0.161,-0.179,-0.353,45.13,37.96
"2021-05-31 01:30:00",222,12.46,406,0,-0.245,-0.9,-1.81,-0.08,-0.161,-0.175,-0.354,44.78,38.7
"2021-05-31 02:00:00",223,12.46,406,0,-0.253,-0.98,-1.81,-0.087,-0.161,-0.176,-0.353,45.4,38.79
"2021-05-31 02:30:00",224,12.46,406,0,-0.252,-0.93,-1.86,-0.083,-0.166,-0.176,-0.354,43.7,37.93
"2021-05-31 03:00:00",225,12.46,406,0,-0.251,-0.95,-1.83,-0.085,-0.163,-0.176,-0.353,45.44,38.42
"2021-05-31 03:30:00",226,12.46,406,0,-0.263,-1.07,-1.83,-0.095,-0.163,-0.184,-0.352,44.21,38.69
"2021-05-31 04:00:00",227,12.46,406,0,-0.256,-1.01,-1.81,-0.09,-0.161,-0.182,-0.353,45.45,38.43
"2021-05-31 04:30:00",228,12.46,406,0,-0.246,-0.89,-1.83,-0.08,-0.163,-0.17,-0.353,45.98,38.38
"2021-05-31 05:00:00",229,12.45,406,0,-0.24,-0.86,-1.8,-0.077,-0.16,-0.17,-0.351,44.77,39.26
"2021-05-31 05:30:00",230,12.45,406,0,-0.239,-0.87,-1.78,-0.077,-0.158,-0.168,-0.35,45.96,38.63
"2021-05-31 06:00:00",231,12.45,406,0,-0.233,-0.78,-1.81,-0.07,-0.161,-0.159,-0.349,46.6,38.59
"2021-05-31 06:30:00",232,12.45,406,0,-0.21,-0.56,-1.79,-0.051,-0.159,-0.149,-0.351,46.11,38.36
"2021-05-31 07:00:00",233,12.45,406,0,-0.173,-0.27,-1.69,-0.025,-0.151,-0.125,-0.347,46.41,38.13
"2021-05-31 07:30:00",234,12.45,406,0,-0.097,0.39,-1.56,0.035,-0.139,-0.073,-0.34,44.77,38.84
"2021-05-31 08:00:00",235,12.44,406,0,-0.036,0.93,-1.47,0.082,-0.131,-0.025,-0.332,45.92,38.58
"2021-05-31 08:30:00",236,12.45,406,0,0.008,1.31,-1.37,0.116,-0.122,0.004,-0.328,47.3,39.3
"2021-05-31 09:00:00",237,12.45,406,0,0.047,1.64,-1.3,0.146,-0.116,0.041,-0.319,49.14,39.48
"2021-05-31 09:30:00",238,12.45,406,0,0.012,1.28,-1.3,0.113,-0.116,0.002,-0.322,44.62,39.52
"2021-05-31 10:00:00",239,12.51,406,0,0.087,1.81,-1.03,0.16,-0.092,0.101,-0.299,58.2,40.23
"2021-05-31 10:30:00",240,12.54,406,0,-0.025,0.69,-1.07,0.061,-0.095,0.015,-0.289,51.02,41.78
"2021-05-31 11:00:00",241,12.64,406,0,0.139,2.23,-0.9,0.198,-0.081,-99,-0.282,-99,41.68
"2021-05-31 11:30:00",242,12.92,406,0,0.103,1.9,-0.95,0.168,-0.085,0.099,-0.283,52.85,41.55
"2021-05-31 12:00:00",243,12.76,406,0,0.169,2.52,-0.89,0.223,-0.079,0.144,-0.28,53.53,41.67
"2021-05-31 12:30:00",244,12.75,406,0,0.102,1.96,-1.03,0.173,-0.092,0.077,-0.297,46.97,39.98
"2021-05-31 13:00:00",245,12.7,406,0,0.136,2.14,-0.84,0.189,-0.075,0.127,-0.289,46.52,40.77
"2021-05-31 13:30:00",246,12.68,406,0,0.307,3.95,-0.9,0.349,-0.081,0.185,-0.323,45.1,37.79
"2021-05-31 14:00:00",247,12.67,406,0,0.272,3.76,-1.09,0.333,-0.098,0.144,-0.333,44.75,37.59
"2021-05-31 14:30:00",248,12.63,406,0,0.28,3.77,-1.01,0.334,-0.091,0.141,-0.331,42.97,38.46
"2021-05-31 15:00:00",249,12.62,406,0,0.234,3.33,-1.05,0.295,-0.094,0.132,-0.332,45.67,37.68
"2021-05-31 15:30:00",250,12.6,406,0,0.138,2.19,-0.87,0.194,-0.078,0.08,-0.299,43.42,39.32
"2021-05-31 16:00:00",251,12.58,406,0,0.193,3.06,-1.21,0.271,-0.108,0.109,-0.336,45.77,37.37
"2021-05-31 16:30:00",252,12.56,406,0,0.115,2.33,-1.29,0.206,-0.115,0.05,-0.343,43.63,37.72
"2021-05-31 17:00:00",253,12.55,406,0,0.066,1.85,-1.32,0.164,-0.118,0.028,-0.34,46.03,38.04
"2021-05-31 17:30:00",254,12.55,406,0,0.023,1.48,-1.39,0.131,-0.124,0,-0.341,46.12,36.89
"2021-05-31 18:00:00",255,12.54,406,0,-0.003,1.21,-1.4,0.107,-0.125,-0.022,-0.343,45.23,37.5
"2021-05-31 18:30:00",256,12.53,406,0,-0.03,1,-1.47,0.089,-0.131,-0.046,-0.348,45.37,37.79
"2021-05-31 19:00:00",257,12.52,406,0,-0.05,0.79,-1.47,0.07,-0.131,-0.054,-0.348,44.17,37.69
"2021-05-31 19:30:00",258,12.52,406,0,-0.095,0.45,-1.61,0.04,-0.144,-0.083,-0.355,43.8,37.05
"2021-05-31 20:00:00",259,12.51,406,0,-0.143,0,-1.65,0,-0.147,-0.112,-0.358,42.93,37.01
"2021-05-31 20:30:00",260,12.51,406,0,-0.183,-0.3,-1.77,-0.027,-0.158,-0.145,-0.365,44.01,37.1
"2021-05-31 21:00:00",261,12.5,406,0,-0.215,-0.6,-1.8,-0.054,-0.16,-0.164,-0.366,43.39,37.31
"2021-05-31 21:30:00",262,12.49,406,0,-0.236,-0.83,-1.79,-0.075,-0.159,-0.177,-0.364,43.5,37
"2021-05-31 22:00:00",263,12.49,406,0,-0.246,-0.89,-1.84,-0.08,-0.164,-0.179,-0.364,43.56,36.54
"2021-05-31 22:30:00",264,12.48,406,0,-0.256,-1.01,-1.81,-0.09,-0.161,-0.19,-0.363,43.5,37.32
"2021-05-31 23:00:00",265,12.47,406,0,-0.268,-1.06,-1.9,-0.095,-0.169,-0.194,-0.365,43.46,37.12
"2021-05-31 23:30:00",266,12.47,406,0,-0.268,-1.08,-1.87,-0.097,-0.167,-0.194,-0.364,44.66,37.07
"2021-06-01 00:00:00",267,12.46,406,0,-0.272,-1.13,-1.86,-0.101,-0.165,-0.195,-0.364,43.67,36.91
"2021-06-01 00:30:00",268,12.46,406,0,-0.272,-1.13,-1.86,-0.101,-0.165,-0.197,-0.363,44.08,37.32
"2021-06-01 01:00:00",269,12.45,406,0,-0.274,-1.17,-1.84,-0.104,-0.163,-0.195,-0.363,44.6,37.58
"2021-06-01 01:30:00",270,12.45,406,0,-0.271,-1.13,-1.85,-0.1,-0.165,-0.194,-0.363,43.63,37.54
"2021-06-01 02:00:00",271,12.45,406,0,-0.277,-1.18,-1.87,-0.105,-0.166,-0.2,-0.362,44.13,37.63
"2021-06-01 02:30:00",272,12.45,406,0,-0.283,-1.24,-1.87,-0.111,-0.166,-0.203,-0.362,44.15,37.13
"2021-06-01 03:00:00",273,12.44,406,0,-0.279,-1.21,-1.85,-0.108,-0.164,-0.204,-0.361,44.36,36.77
"2021-06-01 03:30:00",274,12.44,406,0,-0.283,-1.24,-1.87,-0.111,-0.166,-0.205,-0.361,44.74,37.3
"2021-06-01 04:00:00",275,12.44,406,0,-0.287,-1.26,-1.89,-0.113,-0.168,-0.203,-0.362,43.69,37.5
"2021-06-01 04:30:00",276,12.43,406,0,-0.285,-1.24,-1.89,-0.111,-0.168,-0.203,-0.361,43.38,38.02
"2021-06-01 05:00:00",277,12.43,406,0,-0.286,-1.26,-1.88,-0.112,-0.168,-0.205,-0.362,44.47,37.44
"2021-06-01 05:30:00",278,12.43,406,0,-0.288,-1.26,-1.9,-0.112,-0.169,-0.204,-0.362,43.99,37.49
"2021-06-01 06:00:00",279,12.43,406,0,-0.287,-1.28,-1.87,-0.114,-0.167,-0.204,-0.361,44.77,37.74
"2021-06-01 06:30:00",280,12.43,406,0,-0.276,-1.17,-1.86,-0.105,-0.165,-0.195,-0.358,45.31,38.14
"2021-06-01 07:00:00",281,12.42,406,0,-0.265,-1.07,-1.85,-0.096,-0.165,-0.187,-0.356,45.27,37.52
"2021-06-01 07:30:00",282,12.42,406,0,-0.186,-0.41,-1.68,-0.037,-0.149,-0.13,-0.346,46.86,38.59
"2021-06-01 08:00:00",283,12.42,406,0,-0.149,-0.12,-1.58,-0.012,-0.141,-0.107,-0.34,46.57,38.41
"2021-06-01 08:30:00",284,12.42,406,0,-0.07,0.59,-1.47,0.052,-0.131,-0.056,-0.336,45.98,38.82
"2021-06-01 09:00:00",285,12.44,406,0,-0.017,1.04,-1.37,0.092,-0.122,-0.004,-0.328,48.72,39.07
"2021-06-01 09:30:00",286,12.44,406,0,-0.031,0.9,-1.38,0.079,-0.123,-0.031,-0.332,47,38.85
"2021-06-01 10:00:00",287,12.46,406,0,0.066,1.76,-1.22,0.156,-0.109,0.047,-0.317,49.93,38.78
"2021-06-01 10:30:00",288,12.55,406,0,0.143,2.38,-1.03,0.211,-0.092,0.108,-0.306,50.35,39.88
"2021-06-01 11:00:00",289,12.76,406,0,0.17,2.58,-0.94,0.228,-0.084,0.133,-0.301,48.71,39.49
"2021-06-01 11:30:00",290,12.88,406,0,0.237,3.1,-0.75,0.274,-0.067,0.185,-0.275,50.69,41.06
"2021-06-01 12:00:00",291,12.75,406,0,0.277,3.53,-0.78,0.313,-0.07,0.199,-0.285,49.14,40.09
"2021-06-01 12:30:00",292,12.72,406,0,0.294,3.67,-0.74,0.325,-0.067,0.216,-0.288,46.47,39.75
"2021-06-01 13:00:00",293,12.67,406,0,0.252,3.2,-0.7,0.283,-0.063,0.198,-0.288,47.91,40.36
"2021-06-01 13:30:00",294,12.64,406,0,0.376,4.4,-0.62,0.39,-0.056,0.262,-0.303,51.23,38.71
"2021-06-01 14:00:00",295,12.64,406,0,0.261,3.52,-0.95,0.311,-0.085,0.134,-0.327,42.49,37.26
"2021-06-01 14:30:00",296,12.61,406,0,0.256,3.52,-1.01,0.311,-0.09,0.139,-0.327,43.56,37.65
"2021-06-01 15:00:00",297,12.59,406,0,0.212,3.18,-1.13,0.281,-0.101,0.105,-0.337,44.28,36.72
"2021-06-01 15:30:00",298,12.58,406,0,0.167,2.63,-1.03,0.233,-0.092,0.098,-0.324,45.44,37.61
"2021-06-01 16:00:00",299,12.56,406,0,0.134,2.43,-1.19,0.216,-0.106,0.065,-0.342,44.56,37.25
"2021-06-01 16:30:00",300,12.55,406,0,0.093,2.08,-1.26,0.184,-0.112,0.035,-0.342,44.11,36.95
"2021-06-01 17:00:00",301,12.54,406,0,0.053,1.69,-1.28,0.15,-0.114,0.009,-0.34,45.24,36.59
"2021-06-01 17:30:00",302,12.53,406,0,-0.005,1.22,-1.43,0.108,-0.128,-0.028,-0.348,44.06,36.91
"2021-06-01 18:00:00",303,12.52,406,0,-0.064,0.68,-1.51,0.06,-0.134,-0.063,-0.353,44.55,36.56
"2021-06-01 18:30:00",304,12.51,406,0,-0.117,0.21,-1.59,0.018,-0.142,-0.101,-0.354,43.26,36.93
"2021-06-01 19:00:00",305,12.51,406,0,-0.154,-0.11,-1.65,-0.011,-0.147,-0.128,-0.357,43.03,36.03
"2021-06-01 19:30:00",306,12.5,406,0,-0.188,-0.41,-1.71,-0.037,-0.152,-0.148,-0.363,44.01,36.69
"2021-06-01 20:00:00",307,12.49,406,0,-0.216,-0.66,-1.75,-0.059,-0.156,-0.162,-0.363,43.8,36.38
"2021-06-01 20:30:00",308,12.49,406,0,-0.235,-0.81,-1.8,-0.072,-0.16,-0.175,-0.366,44.23,36.65
"2021-06-01 21:00:00",309,12.48,406,0,-0.239,-0.86,-1.79,-0.077,-0.16,-0.177,-0.364,43.96,36.64
"2021-06-01 21:30:00",310,12.47,406,0,-0.251,-0.98,-1.79,-0.088,-0.16,-0.186,-0.367,43.53,36.2
"2021-06-01 22:00:00",311,12.47,406,0,-0.25,-0.95,-1.81,-0.085,-0.161,-0.188,-0.365,43.27,36.77
"2021-06-01 22:30:00",312,12.46,406,0,-0.257,-1.03,-1.81,-0.092,-0.161,-0.192,-0.365,44.36,36.77
"2021-06-01 23:00:00",313,12.46,406,0,-0.267,-1.09,-1.85,-0.097,-0.165,-0.194,-0.363,43.25,36.66
"2021-06-01 23:30:00",314,12.45,406,0,-0.264,-1.08,-1.83,-0.097,-0.163,-0.194,-0.365,43.98,36.4
"2021-06-02 00:00:00",315,12.45,406,0,-0.267,-1.12,-1.82,-0.1,-0.162,-0.196,-0.363,43.68,36.77
"2021-06-02 00:30:00",316,12.44,406,0,-0.268,-1.11,-1.84,-0.099,-0.164,-0.196,-0.362,43.83,37.08
"2021-06-02 01:00:00",317,12.44,406,0,-0.271,-1.14,-1.84,-0.102,-0.164,-0.198,-0.364,43.79,37.19
"2021-06-02 01:30:00",318,12.44,406,0,-0.272,-1.16,-1.83,-0.103,-0.163,-0.197,-0.361,43.9,37.3
"2021-06-02 02:00:00",319,12.43,406,0,-0.277,-1.18,-1.87,-0.105,-0.166,-0.201,-0.363,43.42,37.08
"2021-06-02 02:30:00",320,12.43,406,0,-0.277,-1.19,-1.86,-0.106,-0.165,-0.202,-0.361,43.58,36.56
"2021-06-02 03:00:00",321,12.43,406,0,-0.275,-1.19,-1.83,-0.107,-0.163,-0.202,-0.362,43.9,37.56
"2021-06-02 03:30:00",322,12.43,406,0,-0.281,-1.25,-1.83,-0.111,-0.163,-0.204,-0.362,43.92,37.58
"2021-06-02 04:00:00",323,12.42,406,0,-0.28,-1.22,-1.85,-0.109,-0.165,-0.2,-0.361,43.97,36.38
"2021-06-02 04:30:00",324,12.42,406,0,-0.282,-1.21,-1.89,-0.108,-0.168,-0.204,-0.361,44.44,36.59
"2021-06-02 05:00:00",325,12.42,406,0,-0.28,-1.21,-1.87,-0.108,-0.166,-0.199,-0.358,44.02,37.11
"2021-06-02 05:30:00",326,12.42,406,0,-0.276,-1.18,-1.86,-0.105,-0.166,-0.201,-0.361,44.4,37.22
"2021-06-02 06:00:00",327,12.41,406,0,-0.276,-1.2,-1.83,-0.107,-0.163,-0.197,-0.358,44.85,36.69
"2021-06-02 06:30:00",328,12.41,406,0,-0.266,-1.11,-1.82,-0.099,-0.162,-0.191,-0.357,44.69,37.26
"2021-06-02 07:00:00",329,12.41,406,0,-0.253,-1.01,-1.78,-0.09,-0.159,-0.181,-0.355,44.48,37.98
"2021-06-02 07:30:00",330,12.41,406,0,-0.231,-0.82,-1.74,-0.073,-0.154,-0.166,-0.352,45.63,37.62
"2021-06-02 08:00:00",331,12.41,406,0,-0.208,-0.62,-1.7,-0.056,-0.151,-0.151,-0.348,45.39,37.39
"2021-06-02 08:30:00",332,12.41,406,0,-0.175,-0.34,-1.64,-0.031,-0.146,-0.127,-0.344,45.9,37.9
"2021-06-02 09:00:00",333,12.41,406,0,-0.079,0.49,-1.47,0.044,-0.131,-0.053,-0.335,47.96,38.56
"2021-06-02 09:30:00",334,12.42,406,0,-0.014,1.03,-1.33,0.092,-0.119,-0.008,-0.325,48.35,38.7
"2021-06-02 10:00:00",335,12.45,406,0,0.077,1.83,-1.17,0.162,-0.104,0.052,-0.317,47.74,38.36
"2021-06-02 10:30:00",336,12.51,406,0,0.234,3.18,-0.88,0.281,-0.079,0.195,-0.295,54.83,39.97
"2021-06-02 11:00:00",337,12.74,406,0,0.336,4.1,-0.74,0.363,-0.067,0.23,-0.292,47.93,38.87
"2021-06-02 11:30:00",338,12.86,406,0,0.338,3.91,-0.5,0.346,-0.045,0.264,-0.265,49.55,40.51
"2021-06-02 12:00:00",339,12.73,406,0,0.349,4.13,-0.62,0.365,-0.056,0.249,-0.285,49.19,39.99
"2021-06-02 12:30:00",340,12.7,406,0,0.266,3.42,-0.78,0.302,-0.07,0.175,-0.297,44.41,39.5
"2021-06-02 13:00:00",341,12.62,406,0,0.267,3.71,-1.09,0.328,-0.098,0.119,-0.333,41.88,36.97
"2021-06-02 13:30:00",342,12.61,406,0,0.278,3.46,-0.69,0.306,-0.062,0.213,-0.306,48.5,37.9
"2021-06-02 14:00:00",343,12.6,406,0,0.178,2.62,-0.89,0.231,-0.08,0.124,-0.307,45.91,38.61
"2021-06-02 14:30:00",344,12.58,406,0,0.184,2.77,-0.99,0.245,-0.089,0.106,-0.322,43.96,38.07
"2021-06-02 15:00:00",345,12.56,406,0,0.163,2.63,-1.08,0.233,-0.097,0.06,-0.336,42.38,36.47
"2021-06-02 15:30:00",346,12.55,406,0,0.113,2.08,-1.03,0.184,-0.092,0.048,-0.328,42.67,36.93
"2021-06-02 16:00:00",347,12.54,406,0,0.131,2.47,-1.27,0.219,-0.113,0.053,-0.342,43.95,36.65
"2021-06-02 16:30:00",348,12.53,406,0,0.105,2.23,-1.29,0.198,-0.115,0.043,-0.346,44.72,36.34
"2021-06-02 17:00:00",349,12.52,406,0,0.018,1.4,-1.36,0.124,-0.121,-0.015,-0.35,44.45,36.9
"2021-06-02 17:30:00",350,12.51,406,0,-0.043,0.89,-1.5,0.079,-0.133,-0.052,-0.356,44.29,36.31
"2021-06-02 18:00:00",351,12.51,406,0,-0.069,0.6,-1.47,0.053,-0.131,-0.068,-0.353,44.24,36
"2021-06-02 18:30:00",352,12.5,406,0,-0.062,0.72,-1.53,0.064,-0.136,-0.066,-0.354,44.13,35.74
"2021-06-02 19:00:00",353,12.49,406,0,-0.098,0.4,-1.58,0.035,-0.141,-0.091,-0.358,43.37,36.22
"2021-06-02 19:30:00",354,12.49,406,0,-0.152,-0.05,-1.7,-0.005,-0.151,-0.121,-0.363,43.31,36.56
"2021-06-02 20:00:00",355,12.48,406,0,-0.209,-0.6,-1.74,-0.054,-0.155,-0.165,-0.368,42.98,35.83
"2021-06-02 20:30:00",356,12.47,406,0,-0.239,-0.85,-1.8,-0.076,-0.16,-0.183,-0.367,43.2,36.46
"2021-06-02 21:00:00",357,12.46,406,0,-0.248,-0.92,-1.83,-0.082,-0.163,-0.184,-0.367,43.3,36.4
"2021-06-02 21:30:00",358,12.46,406,0,-0.258,-1,-1.85,-0.09,-0.164,-0.19,-0.366,44.5,36.51
"2021-06-02 22:00:00",359,12.45,406,0,-0.266,-1.08,-1.85,-0.097,-0.165,-0.194,-0.367,43.45,36.45
"2021-06-02 22:30:00",360,12.45,406,0,-0.254,-0.99,-1.81,-0.089,-0.161,-0.19,-0.364,44.39,36.4
"2021-06-02 23:00:00",361,12.44,406,0,-0.267,-1.11,-1.83,-0.099,-0.163,-0.196,-0.364,43.78,36.36
"2021-06-02 23:30:00",362,12.44,406,0,-0.284,-1.24,-1.88,-0.111,-0.167,-0.206,-0.369,43.44,36.12
"2021-06-03 00:00:00",363,12.43,406,0,-0.282,-1.19,-1.91,-0.106,-0.17,-0.206,-0.371,43.02,36.12
"2021-06-03 00:30:00",364,12.43,406,0,-0.286,-1.3,-1.84,-0.116,-0.164,-0.21,-0.365,43.56,36.81
"2021-06-03 01:00:00",365,12.43,406,0,-0.273,-1.18,-1.82,-0.105,-0.162,-0.199,-0.364,44.41,35.99
"2021-06-03 01:30:00",366,12.42,406,0,-0.282,-1.25,-1.84,-0.111,-0.163,-0.202,-0.365,43.7,37.37
"2021-06-03 02:00:00",367,12.42,406,0,-0.284,-1.27,-1.85,-0.113,-0.165,-0.206,-0.363,44.9,37.05
"2021-06-03 02:30:00",368,12.42,406,0,-0.283,-1.26,-1.85,-0.113,-0.164,-0.205,-0.361,43.86,37.27
"2021-06-03 03:00:00",369,12.41,406,0,-0.283,-1.23,-1.88,-0.11,-0.167,-0.203,-0.363,44.12,36.54
"2021-06-03 03:30:00",370,12.41,406,0,-0.288,-1.32,-1.84,-0.118,-0.164,-0.208,-0.36,43.48,36.99
"2021-06-03 04:00:00",371,12.41,406,0,-0.285,-1.28,-1.84,-0.114,-0.164,-0.207,-0.362,44.54,36.96
"2021-06-03 04:30:00",372,12.41,406,0,-0.287,-1.29,-1.86,-0.115,-0.166,-0.206,-0.36,43.7,36.95
"2021-06-03 05:00:00",373,12.41,406,0,-0.285,-1.29,-1.84,-0.115,-0.164,-0.206,-0.362,44.94,36.52
"2021-06-03 05:30:00",374,12.41,406,0,-0.284,-1.26,-1.86,-0.112,-0.165,-0.208,-0.36,44.49,36.65
"2021-06-03 06:00:00",375,12.41,406,0,-0.284,-1.27,-1.84,-0.113,-0.164,-0.206,-0.361,44.26,37.26
"2021-06-03 06:30:00",376,12.4,406,0,-0.279,-1.27,-1.79,-0.113,-0.159,-0.204,-0.357,44.79,37.21
"2021-06-03 07:00:00",377,12.4,406,0,-0.276,-1.25,-1.78,-0.111,-0.159,-0.202,-0.357,44.37,37.37
"2021-06-03 07:30:00",378,12.4,406,0,-0.28,-1.25,-1.82,-0.111,-0.162,-0.2,-0.358,44.13,36.96
"2021-06-03 08:00:00",379,12.4,406,0,-0.25,-1,-1.76,-0.09,-0.156,-0.179,-0.354,44.82,37.81
"2021-06-03 08:30:00",380,12.4,406,0,-0.227,-0.81,-1.71,-0.072,-0.152,-0.164,-0.349,45.07,37.76
"2021-06-03 09:00:00",381,12.4,406,0,-0.198,-0.51,-1.71,-0.046,-0.152,-0.146,-0.351,45.27,37.44
"2021-06-03 09:30:00",382,12.43,406,0,-0.128,0.08,-1.57,0.007,-0.14,-0.095,-0.341,45.89,37.49
"2021-06-03 10:00:00",383,12.45,406,0,-0.065,0.57,-1.4,0.051,-0.125,-0.05,-0.336,45.44,38.29
"2021-06-03 10:30:00",384,12.51,406,0,0.101,2.11,-1.21,0.187,-0.108,0.079,-0.327,56.4,37.63
"2021-06-03 11:00:00",385,12.58,406,0,0.029,1.4,-1.24,0.124,-0.111,0.008,-0.328,45.88,37.75
"2021-06-03 11:30:00",386,12.56,406,0,0.021,1.18,-1.08,0.105,-0.097,0.016,-0.314,47.11,38.72
"2021-06-03 12:00:00",387,12.57,406,0,0.073,1.79,-1.17,0.158,-0.105,0.042,-0.322,47.99,38.77
"2021-06-03 12:30:00",388,12.56,406,0,0.108,2.17,-1.19,0.192,-0.107,0.05,-0.322,45.16,38.43
"2021-06-03 13:00:00",389,12.54,406,0,0.154,2.66,-1.21,0.236,-0.108,0.072,-0.34,47.59,36.97
"2021-06-03 13:30:00",390,12.53,406,0,0.195,2.88,-0.99,0.255,-0.089,0.134,-0.323,48.83,37.7
"2021-06-03 14:00:00",391,12.5,406,0,0.115,2.28,-1.23,0.201,-0.11,0.056,-0.341,45.01,36.87
"2021-06-03 14:30:00",392,12.49,406,0,0.098,2,-1.12,0.177,-0.1,0.064,-0.329,47.08,37.29
"2021-06-03 15:00:00",393,12.48,406,0,0.089,2.05,-1.28,0.182,-0.114,0.027,-0.34,44.57,36.86
"2021-06-03 15:30:00",394,12.47,406,0,0.039,1.6,-1.34,0.142,-0.119,0.004,-0.344,44.55,36.72
"2021-06-03 16:00:00",395,12.46,406,0,0.005,1.3,-1.4,0.115,-0.125,-0.022,-0.349,43.46,36.73
"2021-06-03 16:30:00",396,12.45,406,0,-0.059,0.74,-1.52,0.066,-0.135,-0.057,-0.353,44.72,36.74
"2021-06-03 17:00:00",397,12.44,406,0,-0.208,-0.51,-1.82,-0.046,-0.162,-0.173,-0.373,44.48,36.08
"2021-06-03 17:30:00",398,12.43,406,0,-0.259,-1.01,-1.85,-0.09,-0.165,-0.192,-0.368,43.57,36.67
"2021-06-03 18:00:00",399,12.43,406,0,-0.255,-1,-1.81,-0.089,-0.161,-0.186,-0.365,43.08,36.76
"2021-06-03 18:30:00",400,12.42,406,0,-0.267,-1.07,-1.87,-0.096,-0.167,-0.196,-0.369,44.64,36.92
"2021-06-03 19:00:00",401,12.42,406,0,-0.272,-1.13,-1.86,-0.101,-0.166,-0.194,-0.367,42.79,36.46
"2021-06-03 19:30:00",402,12.41,406,0,-0.263,-1.06,-1.84,-0.095,-0.163,-0.195,-0.364,43.67,36.66
"2021-06-03 20:00:00",403,12.41,406,0,-0.268,-1.09,-1.86,-0.097,-0.165,-0.19,-0.362,43.68,36.1
"2021-06-03 20:30:00",404,12.41,406,0,-0.259,-1.03,-1.83,-0.092,-0.162,-0.188,-0.361,44.5,36.51
"2021-06-03 21:00:00",405,12.4,406,0,-0.266,-1.1,-1.83,-0.098,-0.163,-0.193,-0.364,45.16,36.75
"2021-06-03 21:30:00",406,12.4,406,0,-0.276,-1.19,-1.84,-0.106,-0.163,-0.202,-0.363,44.07,36.91
"2021-06-03 22:00:00",407,12.39,406,0,-0.281,-1.26,-1.82,-0.113,-0.162,-0.202,-0.363,45.26,36.59
"2021-06-03 22:30:00",408,12.39,406,0,-0.271,-1.14,-1.84,-0.102,-0.164,-0.199,-0.363,43.43,36.94
"2021-06-03 23:00:00",409,12.39,406,0,-0.271,-1.17,-1.81,-0.104,-0.161,-0.196,-0.363,44.52,36.53
"2021-06-03 23:30:00",410,12.39,406,0,-0.265,-1.08,-1.84,-0.096,-0.164,-0.197,-0.361,44.74,36.59
"2021-06-04 00:00:00",411,12.39,406,0,-0.269,-1.13,-1.83,-0.101,-0.163,-0.201,-0.361,44.4,36.67
"2021-06-04 00:30:00",412,12.39,406,0,-0.272,-1.16,-1.83,-0.104,-0.163,-0.199,-0.361,44.26,36.43
"2021-06-04 01:00:00",413,12.38,406,0,-0.272,-1.19,-1.8,-0.106,-0.16,-0.2,-0.359,44.65,36.4
"2021-06-04 01:30:00",414,12.38,406,0,-0.276,-1.2,-1.83,-0.107,-0.163,-0.201,-0.361,43.92,36.35
"2021-06-04 02:00:00",415,12.38,406,0,-0.277,-1.2,-1.84,-0.107,-0.163,-0.201,-0.361,44.23,36.65
"2021-06-04 02:30:00",416,12.37,406,0,-0.276,-1.21,-1.82,-0.108,-0.162,-0.2,-0.359,44.04,36.46
"2021-06-04 03:00:00",417,12.37,406,0,-0.279,-1.23,-1.83,-0.109,-0.163,-0.202,-0.361,44.4,36.41
"2021-06-04 03:30:00",418,12.37,406,0,-0.278,-1.22,-1.83,-0.109,-0.163,-0.203,-0.36,44.67,36.94
"2021-06-04 04:00:00",419,12.37,406,0,-0.272,-1.19,-1.8,-0.106,-0.16,-0.2,-0.359,43.42,36.67
"2021-06-04 04:30:00",420,12.37,406,0,-0.28,-1.22,-1.85,-0.109,-0.164,-0.203,-0.359,45.28,36.88
"2021-06-04 05:00:00",421,12.37,406,0,-0.277,-1.22,-1.82,-0.109,-0.162,-0.201,-0.359,45.05,36.64
"2021-06-04 05:30:00",422,12.37,406,0,-0.277,-1.22,-1.82,-0.109,-0.162,-0.204,-0.361,44.54,36.55
"2021-06-04 06:00:00",423,12.37,406,0,-0.281,-1.25,-1.83,-0.112,-0.163,-0.206,-0.359,44.01,37
"2021-06-04 06:30:00",424,12.37,406,0,-0.277,-1.19,-1.85,-0.107,-0.165,-0.201,-0.36,44.27,36.95
"2021-06-04 07:00:00",425,12.36,406,0,-0.271,-1.16,-1.82,-0.103,-0.162,-0.199,-0.361,43.84,36.83
"2021-06-04 07:30:00",426,12.36,406,0,-0.28,-1.24,-1.83,-0.11,-0.163,-0.204,-0.36,44.52,37.21
"2021-06-04 08:00:00",427,12.36,406,0,-0.285,-1.3,-1.82,-0.116,-0.162,-0.205,-0.358,43.79,37.46
"2021-06-04 08:30:00",428,12.36,406,0,-0.282,-1.3,-1.79,-0.116,-0.16,-0.208,-0.36,44.99,37.25
"2021-06-04 09:00:00",429,12.36,406,0,-0.295,-1.36,-1.87,-0.121,-0.166,-0.21,-0.361,43.7,36.69
"2021-06-04 09:30:00",430,12.36,406,0,-0.283,-1.29,-1.81,-0.115,-0.161,-0.207,-0.356,43.93,37.18
"2021-06-04 10:00:00",431,12.36,406,0,-0.271,-1.2,-1.78,-0.107,-0.159,-0.196,-0.357,43.61,37.28
"2021-06-04 10:30:00",432,12.36,406,0,-0.283,-1.28,-1.82,-0.114,-0.162,-0.202,-0.357,43.79,36.21
"2021-06-04 11:00:00",433,12.36,406,0,-0.271,-1.17,-1.81,-0.105,-0.161,-0.201,-0.359,44.27,36.69
"2021-06-04 11:30:00",434,12.35,406,0,-0.263,-1.08,-1.82,-0.096,-0.162,-0.188,-0.357,45.14,37.15
"2021-06-04 12:00:00",435,12.35,406,0,-0.239,-0.86,-1.79,-0.077,-0.159,-0.176,-0.356,44.57,37.41
"2021-06-04 12:30:00",436,12.35,406,0,-0.142,-0.04,-1.59,-0.005,-0.141,-0.107,-0.343,46.63,36.98
"2021-06-04 13:00:00",437,12.36,406,0,-0.082,0.46,-1.47,0.041,-0.131,-0.075,-0.344,45.22,37.64
"2021-06-04 13:30:00",438,12.38,406,0,0.08,1.86,-1.17,0.164,-0.104,0.054,-0.323,49.2,38.31
"2021-06-04 14:00:00",439,12.37,406,0,0.056,1.71,-1.27,0.151,-0.114,0.015,-0.335,44.74,37.01
"2021-06-04 14:30:00",440,12.36,406,0,0.072,1.79,-1.18,0.158,-0.105,0.042,-0.326,45.55,37.16
"2021-06-04 15:00:00",441,12.36,406,0,0.101,2.13,-1.23,0.189,-0.11,0.058,-0.333,46.46,37.64
"2021-06-04 15:30:00",442,12.36,406,0,0.125,2.24,-1.08,0.198,-0.096,0.07,-0.32,44.71,37.97
"2021-06-04 16:00:00",443,12.35,406,0,0.077,1.9,-1.24,0.168,-0.111,0.041,-0.333,44.57,37.57
"2021-06-04 16:30:00",444,12.35,406,0,-0.053,0.83,-1.55,0.073,-0.139,-0.06,-0.356,43.03,36.96
"2021-06-04 17:00:00",445,12.35,406,0,-0.149,-0.05,-1.66,-0.006,-0.148,-0.123,-0.361,43.52,36.77
"2021-06-04 17:30:00",446,12.35,406,0,-0.19,-0.45,-1.69,-0.041,-0.15,-0.147,-0.36,43.72,36.82
"2021-06-04 18:00:00",447,12.35,406,0,-0.136,0.03,-1.61,0.003,-0.143,-0.105,-0.351,45.5,37.35
"2021-06-04 18:30:00",448,12.34,406,0,-0.087,0.47,-1.53,0.042,-0.136,-0.078,-0.346,45.31,36.91
"2021-06-04 19:00:00",449,12.34,406,0,-0.13,0.09,-1.6,0.008,-0.142,-0.105,-0.351,44.53,36.7
"2021-06-04 19:30:00",450,12.34,406,0,-0.152,-0.11,-1.63,-0.011,-0.146,-0.126,-0.356,44.28,36.86
"2021-06-04 20:00:00",451,12.34,406,0,-0.191,-0.42,-1.73,-0.038,-0.154,-0.145,-0.357,44.04,36.2
"2021-06-04 20:30:00",452,12.34,406,0,-0.219,-0.66,-1.78,-0.059,-0.159,-0.165,-0.363,44.27,36.28
"2021-06-04 21:00:00",453,12.33,406,0,-0.231,-0.78,-1.79,-0.07,-0.159,-0.174,-0.362,43.85,36.68
"2021-06-04 21:30:00",454,12.33,406,0,-0.248,-0.94,-1.8,-0.084,-0.16,-0.188,-0.366,43.55,36.23
"2021-06-04 22:00:00",455,12.33,406,0,-0.261,-1.06,-1.82,-0.094,-0.162,-0.194,-0.364,43.91,36.74
"2021-06-04 22:30:00",456,12.33,406,0,-0.273,-1.14,-1.87,-0.102,-0.166,-0.197,-0.366,43.69,36.26
"2021-06-04 23:00:00",457,12.32,406,0,-0.27,-1.12,-1.85,-0.1,-0.164,-0.197,-0.363,43.51,36.76
"2021-06-04 23:30:00",458,12.32,406,0,-0.28,-1.24,-1.83,-0.111,-0.163,-0.204,-0.361,43.97,36.54
"2021-06-05 00:00:00",459,12.32,406,0,-0.277,-1.23,-1.81,-0.11,-0.161,-0.205,-0.361,44.49,36.49
"2021-06-05 00:30:00",460,12.32,406,0,-0.284,-1.26,-1.86,-0.113,-0.165,-0.205,-0.362,44.01,36.85
"2021-06-05 01:00:00",461,12.31,406,0,-0.283,-1.27,-1.83,-0.113,-0.163,-0.208,-0.362,43.96,36.64
"2021-06-05 01:30:00",462,12.31,406,0,-0.28,-1.22,-1.86,-0.108,-0.166,-0.205,-0.362,43.98,37.23
"2021-06-05 02:00:00",463,12.31,406,0,-0.279,-1.22,-1.84,-0.109,-0.164,-0.208,-0.363,44.39,36.65
"2021-06-05 02:30:00",464,12.31,406,0,-0.283,-1.26,-1.85,-0.113,-0.164,-0.211,-0.363,43.37,36.62
"2021-06-05 03:00:00",465,12.31,406,0,-0.281,-1.22,-1.87,-0.109,-0.166,-0.203,-0.365,44.61,36.35
"2021-06-05 03:30:00",466,12.3,406,0,-0.286,-1.29,-1.85,-0.115,-0.164,-0.21,-0.362,43.9,36.73
"2021-06-05 04:00:00",467,12.3,406,0,-0.284,-1.25,-1.87,-0.112,-0.166,-0.205,-0.363,44.27,36.68
"2021-06-05 04:30:00",468,12.3,406,0,-0.277,-1.19,-1.86,-0.106,-0.166,-0.2,-0.363,43.78,36.46
"2021-06-05 05:00:00",469,12.3,406,0,-0.272,-1.13,-1.86,-0.101,-0.166,-0.198,-0.363,44.48,37.31
"2021-06-05 05:30:00",470,12.3,406,0,-0.272,-1.16,-1.83,-0.103,-0.163,-0.198,-0.363,44.5,36.5
"2021-06-05 06:00:00",471,12.3,406,0,-0.272,-1.16,-1.83,-0.103,-0.163,-0.2,-0.361,43.63,37.13
"2021-06-05 06:30:00",472,12.29,406,0,-0.268,-1.12,-1.83,-0.1,-0.162,-0.195,-0.357,45.29,36.71
"2021-06-05 07:00:00",473,12.29,406,0,-0.237,-0.84,-1.79,-0.075,-0.159,-0.173,-0.358,44.65,36.81
"2021-06-05 07:30:00",474,12.29,406,0,-0.158,-0.19,-1.61,-0.018,-0.143,-0.12,-0.348,46.16,37.74
"2021-06-05 08:00:00",475,12.29,406,0,-0.086,0.44,-1.49,0.039,-0.133,-0.064,-0.34,46.51,38.1
"2021-06-05 08:30:00",476,12.29,406,0,0.03,1.43,-1.26,0.127,-0.113,0.009,-0.331,46.85,37.87
"2021-06-05 09:00:00",477,12.29,406,0,0.134,2.38,-1.13,0.211,-0.101,0.1,-0.323,49.03,38.81
"2021-06-05 09:30:00",478,12.33,406,0,0.27,3.6,-0.94,0.319,-0.084,0.173,-0.315,46.68,38.28
"2021-06-05 10:00:00",479,12.34,406,0,0.411,4.64,-0.49,0.41,-0.044,0.315,-0.28,55.48,39.88
"2021-06-05 10:30:00",480,12.43,406,0,0.357,4.05,-0.44,0.358,-0.04,0.287,-0.271,52.78,40.93
"2021-06-05 11:00:00",481,12.63,406,0,0.323,3.85,-0.61,0.34,-0.055,0.246,-0.285,47.88,39.5
"2021-06-05 11:30:00",482,12.69,406,0,0.293,3.54,-0.6,0.313,-0.054,0.229,-0.276,51.51,40.09
"2021-06-05 12:00:00",483,12.56,406,0,0.242,3.09,-0.69,0.274,-0.062,0.186,-0.278,48.13,39.91
"2021-06-05 12:30:00",484,12.54,406,0,0.155,2.42,-0.93,0.214,-0.083,0.118,-0.302,48.44,38.83
"2021-06-05 13:00:00",485,12.5,406,0,0.177,2.59,-0.87,0.229,-0.078,0.136,-0.305,47.85,38.08
"2021-06-05 13:30:00",486,12.48,406,0,0.297,3.78,-0.83,0.335,-0.074,0.199,-0.321,50.68,37.33
"2021-06-05 14:00:00",487,12.49,406,0,0.146,2.52,-1.15,0.223,-0.103,0.067,-0.331,43.95,36.25
"2021-06-05 14:30:00",488,12.46,406,0,0.19,3.06,-1.25,0.271,-0.112,0.069,-0.349,40.47,36.08
"2021-06-05 15:00:00",489,12.44,406,0,0.147,2.52,-1.14,0.223,-0.102,0.076,-0.334,43.91,36.35
"2021-06-05 15:30:00",490,12.44,406,0,0.048,1.48,-1.11,0.131,-0.099,0,-0.33,41,37.17
"2021-06-05 16:00:00",491,12.42,406,0,0.163,2.76,-1.22,0.244,-0.109,0.057,-0.347,44.41,35.77
"2021-06-05 16:30:00",492,12.41,406,0,0.067,1.86,-1.31,0.165,-0.117,0.018,-0.348,42.82,35.42
"2021-06-05 17:00:00",493,12.41,406,0,-0.006,1.23,-1.46,0.109,-0.13,-0.034,-0.353,43.88,36.33
"2021-06-05 17:30:00",494,12.4,406,0,-0.041,0.88,-1.47,0.078,-0.131,-0.051,-0.35,44.17,36.77
"2021-06-05 18:00:00",495,12.4,406,0,-0.054,0.76,-1.48,0.068,-0.132,-0.065,-0.353,44.39,35.85
"2021-06-05 18:30:00",496,12.39,406,0,-0.051,0.8,-1.49,0.071,-0.133,-0.061,-0.356,43.61,36.31
"2021-06-05 19:00:00",497,12.39,406,0,-0.084,0.52,-1.56,0.046,-0.139,-0.078,-0.358,43.38,35.82
"2021-06-05 19:30:00",498,12.38,406,0,-0.107,0.31,-1.58,0.027,-0.14,-0.097,-0.36,43.49,36.34
"2021-06-05 20:00:00",499,12.38,406,0,-0.149,-0.09,-1.62,-0.008,-0.144,-0.126,-0.359,42.84,36.1
"2021-06-05 20:30:00",500,12.37,406,0,-0.199,-0.49,-1.74,-0.045,-0.155,-0.156,-0.367,42.76,36.02
"2021-06-05 21:00:00",501,12.36,406,0,-0.225,-0.74,-1.76,-0.067,-0.156,-0.174,-0.368,42.81,36.07
"2021-06-05 21:30:00",502,12.36,406,0,-0.235,-0.83,-1.78,-0.075,-0.158,-0.181,-0.365,42.74,36.41
"2021-06-05 22:00:00",503,12.35,406,0,-0.234,-0.83,-1.77,-0.074,-0.158,-0.18,-0.367,43.69,35.96
"2021-06-05 22:30:00",504,12.35,406,0,-0.25,-0.94,-1.82,-0.084,-0.162,-0.182,-0.367,43.96,36.22
"2021-06-05 23:00:00",505,12.34,406,0,-0.252,-0.97,-1.81,-0.087,-0.161,-0.186,-0.365,44,36.17
"2021-06-05 23:30:00",506,12.33,406,0,-0.251,-0.99,-1.78,-0.089,-0.158,-0.19,-0.361,43.38,35.96
"2021-06-06 00:00:00",507,12.33,406,0,-0.259,-1.03,-1.83,-0.092,-0.163,-0.186,-0.365,43.21,36.05
"2021-06-06 00:30:00",508,12.32,406,0,-0.26,-1.06,-1.8,-0.095,-0.16,-0.193,-0.365,42.97,36.22
"2021-06-06 01:00:00",509,12.32,406,0,-0.266,-1.11,-1.82,-0.099,-0.162,-0.196,-0.364,43.29,36.28
"2021-06-06 01:30:00",510,12.32,406,0,-0.258,-1.05,-1.79,-0.094,-0.159,-0.195,-0.362,43.29,36.96
"2021-06-06 02:00:00",511,12.31,406,0,-0.26,-1.05,-1.82,-0.094,-0.162,-0.192,-0.362,43.85,35.85
"2021-06-06 02:30:00",512,12.31,406,0,-0.262,-1.09,-1.79,-0.097,-0.159,-0.193,-0.361,43.4,36.65
"2021-06-06 03:00:00",513,12.31,406,0,-0.264,-1.09,-1.82,-0.097,-0.162,-0.195,-0.361,43.61,36.29
"2021-06-06 03:30:00",514,12.31,406,0,-0.268,-1.11,-1.84,-0.099,-0.164,-0.193,-0.365,44.03,36.04
"2021-06-06 04:00:00",515,12.3,406,0,-0.259,-1.05,-1.81,-0.094,-0.161,-0.19,-0.361,44.03,36.29
"2021-06-06 04:30:00",516,12.3,406,0,-0.267,-1.12,-1.82,-0.1,-0.162,-0.196,-0.364,43.46,36.97
"2021-06-06 05:00:00",517,12.3,406,0,-0.267,-1.12,-1.82,-0.1,-0.162,-0.195,-0.362,43.74,36.43
"2021-06-06 05:30:00",518,12.3,406,0,-0.276,-1.17,-1.87,-0.105,-0.166,-0.2,-0.364,44.59,36.44
"2021-06-06 06:00:00",519,12.29,406,0,-0.263,-1.07,-1.83,-0.096,-0.163,-0.192,-0.363,43.45,36.28
"2021-06-06 06:30:00",520,12.29,406,0,-0.248,-0.97,-1.77,-0.087,-0.157,-0.186,-0.359,44.34,36.76
"2021-06-06 07:00:00",521,12.29,406,0,-0.204,-0.55,-1.73,-0.049,-0.154,-0.152,-0.356,44.08,36.65
"2021-06-06 07:30:00",522,12.28,406,0,-0.118,0.17,-1.55,0.015,-0.138,-0.092,-0.346,45.57,37.57
"2021-06-06 08:00:00",523,12.28,406,0,-0.036,0.86,-1.39,0.076,-0.124,-0.03,-0.333,46.63,37.13
"2021-06-06 08:30:00",524,12.28,406,0,0.074,1.81,-1.18,0.16,-0.105,0.041,-0.326,46.68,37.44
"2021-06-06 09:00:00",525,12.28,406,0,0.127,2.26,-1.07,0.2,-0.095,0.09,-0.322,49.11,37.54
"2021-06-06 09:30:00",526,12.32,406,0,0.249,3.35,-0.9,0.296,-0.08,0.16,-0.316,46.49,38.24
"2021-06-06 10:00:00",527,12.34,406,0,0.335,4.02,-0.66,0.355,-0.059,0.262,-0.291,57.72,39.24
"2021-06-06 10:30:00",528,12.41,406,0,0.374,4.33,-0.56,0.383,-0.051,0.291,-0.285,53.25,38.93
"2021-06-06 11:00:00",529,12.61,406,0,0.348,4.11,-0.61,0.364,-0.055,0.248,-0.29,48.05,38.44
"2021-06-06 11:30:00",530,12.68,406,0,0.326,3.76,-0.47,0.333,-0.043,0.257,-0.264,52.48,40.4
"2021-06-06 12:00:00",531,12.54,406,0,0.304,3.71,-0.67,0.328,-0.06,0.227,-0.281,49.48,39.62
"2021-06-06 12:30:00",532,12.53,406,0,0.276,3.44,-0.69,0.305,-0.062,0.202,-0.291,46.95,39
"2021-06-06 13:00:00",533,12.49,406,0,0.234,3.04,-0.72,0.269,-0.064,0.173,-0.298,48.18,38.17
"2021-06-06 13:30:00",534,12.47,406,0,0.337,4.16,-0.79,0.369,-0.07,0.214,-0.324,49.37,36.71
"2021-06-06 14:00:00",535,12.47,406,0,0.109,2.01,-1,0.178,-0.089,0.062,-0.316,40.84,37.17
"2021-06-06 14:30:00",536,12.45,406,0,0.279,3.8,-1.06,0.336,-0.094,0.122,-0.342,41.71,35.41
"2021-06-06 15:00:00",537,12.43,406,0,0.167,2.58,-0.98,0.228,-0.087,0.078,-0.331,43.9,36.1
"2021-06-06 15:30:00",538,12.42,406,0,0.172,2.71,-1.06,0.24,-0.095,0.067,-0.331,42.05,36.57
"2021-06-06 16:00:00",539,12.41,406,0,0.262,3.67,-1.11,0.325,-0.099,0.123,-0.343,45.06,35.45
"2021-06-06 16:30:00",540,12.4,406,0,0.11,2.25,-1.26,0.199,-0.112,0.037,-0.35,44.22,35.85
"2021-06-06 17:00:00",541,12.4,406,0,0.049,1.63,-1.26,0.144,-0.113,0.004,-0.346,45.52,35.49
"2021-06-06 17:30:00",542,12.39,406,0,0.01,1.32,-1.36,0.117,-0.122,-0.022,-0.351,44.45,35.81
"2021-06-06 18:00:00",543,12.39,406,0,-0.02,1.06,-1.43,0.094,-0.127,-0.05,-0.351,42.04,35.16
"2021-06-06 18:30:00",544,12.38,406,0,-0.032,0.97,-1.46,0.086,-0.13,-0.05,-0.354,43.81,35.17
"2021-06-06 19:00:00",545,12.38,406,0,-0.067,0.66,-1.52,0.058,-0.135,-0.075,-0.358,44.69,35.74
"2021-06-06 19:30:00",546,12.37,406,0,-0.101,0.35,-1.56,0.031,-0.139,-0.099,-0.359,43.37,35.39
"2021-06-06 20:00:00",547,12.37,406,0,-0.155,-0.12,-1.65,-0.011,-0.147,-0.134,-0.367,42.19,34.79
"2021-06-06 20:30:00",548,12.36,406,0,-0.196,-0.47,-1.73,-0.042,-0.154,-0.159,-0.369,42.99,35.17
"2021-06-06 21:00:00",549,12.36,406,0,-0.215,-0.66,-1.74,-0.059,-0.155,-0.173,-0.369,43.02,35.61
"2021-06-06 21:30:00",550,12.35,406,0,-0.232,-0.78,-1.8,-0.07,-0.16,-0.18,-0.371,42.7,35.71
"2021-06-06 22:00:00",551,12.34,406,0,-0.234,-0.83,-1.77,-0.075,-0.158,-0.184,-0.367,43.01,36.01
"2021-06-06 22:30:00",552,12.34,406,0,-0.239,-0.89,-1.76,-0.08,-0.157,-0.181,-0.364,43.54,35.97
"2021-06-06 23:00:00",553,12.33,406,0,-0.252,-0.95,-1.84,-0.085,-0.164,-0.19,-0.369,43.64,35.5
"2021-06-06 23:30:00",554,12.33,406,0,-0.259,-1.05,-1.81,-0.094,-0.161,-0.19,-0.366,42.56,35.25
"2021-06-07 00:00:00",555,12.32,406,0,-0.257,-1.05,-1.78,-0.094,-0.158,-0.197,-0.366,42.97,35.81
"2021-06-07 00:30:00",556,12.32,406,0,-0.261,-1.07,-1.8,-0.096,-0.16,-0.194,-0.366,43.08,35.51
"2021-06-07 01:00:00",557,12.31,406,0,-0.26,-1.07,-1.79,-0.095,-0.16,-0.196,-0.366,43.7,35.72
"2021-06-07 01:30:00",558,12.31,406,0,-0.258,-1.08,-1.76,-0.097,-0.156,-0.195,-0.362,43.61,36.03
"2021-06-07 02:00:00",559,12.31,406,0,-0.257,-1.04,-1.79,-0.093,-0.159,-0.189,-0.362,43.51,35.94
"2021-06-07 02:30:00",560,12.3,406,0,-0.258,-1.04,-1.8,-0.093,-0.16,-0.189,-0.36,43.73,35.89
"2021-06-07 03:00:00",561,12.3,406,0,-0.263,-1.11,-1.78,-0.099,-0.159,-0.197,-0.362,44.61,36.47
"2021-06-07 03:30:00",562,12.3,406,0,-0.256,-1.02,-1.81,-0.091,-0.161,-0.19,-0.361,43.47,36.72
"2021-06-07 04:00:00",563,12.3,406,0,-0.263,-1.08,-1.82,-0.097,-0.162,-0.197,-0.364,44.24,36.25
"2021-06-07 04:30:00",564,12.29,406,0,-0.265,-1.08,-1.84,-0.097,-0.164,-0.198,-0.365,43.69,36.28
"2021-06-07 05:00:00",565,12.29,406,0,-0.265,-1.12,-1.8,-0.1,-0.16,-0.198,-0.365,43.91,36.34
"2021-06-07 05:30:00",566,12.29,406,0,-0.269,-1.14,-1.82,-0.102,-0.162,-0.2,-0.363,43.31,36.41
"2021-06-07 06:00:00",567,12.29,406,0,-0.252,-0.99,-1.79,-0.088,-0.159,-0.184,-0.361,44.03,36.04
"2021-06-07 06:30:00",568,12.28,406,0,-0.232,-0.85,-1.72,-0.076,-0.153,-0.173,-0.36,45.17,36.35
"2021-06-07 07:00:00",569,12.28,406,0,-0.182,-0.4,-1.65,-0.036,-0.147,-0.14,-0.352,44.74,36.49
"2021-06-07 07:30:00",570,12.28,406,0,-0.101,0.35,-1.56,0.031,-0.139,-0.084,-0.347,45.35,36.95
"2021-06-07 08:00:00",571,12.28,406,0,-0.058,0.7,-1.46,0.062,-0.13,-0.058,-0.345,45.66,37.1
"2021-06-07 08:30:00",572,12.28,406,0,0.039,1.54,-1.28,0.136,-0.114,0.009,-0.337,46.18,37.37
"2021-06-07 09:00:00",573,12.28,406,0,0.12,2.25,-1.14,0.199,-0.102,0.079,-0.33,47.88,37.26
"2021-06-07 09:30:00",574,12.28,406,0,0.123,2.26,-1.12,0.2,-0.1,0.068,-0.33,45.6,38.03
"2021-06-07 10:00:00",575,12.3,406,0,0.081,1.94,-1.24,0.172,-0.11,0.048,-0.334,49.52,37.24
"2021-06-07 10:30:00",576,12.37,406,0,0.191,2.74,-0.88,0.243,-0.079,0.143,-0.301,51.78,38.43
"2021-06-07 11:00:00",577,12.59,406,0,0.224,3.01,-0.8,0.267,-0.072,0.171,-0.298,49.05,38.61
"2021-06-07 11:30:00",578,12.67,406,0,0.256,3.25,-0.7,0.288,-0.063,0.196,-0.287,51.29,39.46
"2021-06-07 12:00:00",579,12.54,406,0,0.267,3.38,-0.72,0.299,-0.065,0.195,-0.286,48.36,39.32
"2021-06-07 12:30:00",580,12.53,406,0,0.307,3.75,-0.68,0.332,-0.061,0.219,-0.297,48.54,37.96
"2021-06-07 13:00:00",581,12.48,406,0,0.27,3.36,-0.67,0.297,-0.06,0.194,-0.3,48.46,38.02
"2021-06-07 13:30:00",582,12.47,406,0,0.352,4.32,-0.8,0.383,-0.071,0.216,-0.327,47.17,36.16
"2021-06-07 14:00:00",583,12.46,406,0,0.136,2.27,-0.98,0.201,-0.088,0.079,-0.318,42.02,36.28
"2021-06-07 14:30:00",584,12.43,406,0,0.301,4.01,-1.04,0.355,-0.093,0.134,-0.34,41.67,35.36
"2021-06-07 15:00:00",585,12.42,406,0,0.167,2.57,-0.96,0.228,-0.086,0.088,-0.33,43.89,36.34
"2021-06-07 15:30:00",586,12.41,406,0,0.169,2.72,-1.11,0.241,-0.099,0.079,-0.338,42.86,35.73
"2021-06-07 16:00:00",587,12.4,406,0,0.266,3.62,-1.01,0.321,-0.09,0.121,-0.342,43.17,35.78
"2021-06-07 16:30:00",588,12.39,406,0,0.159,2.67,-1.17,0.237,-0.105,0.073,-0.345,43.62,35.66
"2021-06-07 17:00:00",589,12.38,406,0,0.087,2,-1.24,0.177,-0.11,0.027,-0.347,44.32,35.79
"2021-06-07 17:30:00",590,12.38,406,0,0.036,1.58,-1.36,0.14,-0.121,-0.007,-0.349,44.07,36.26
"2021-06-07 18:00:00",591,12.37,406,0,0.017,1.41,-1.39,0.124,-0.124,-0.016,-0.353,43.3,36.16
"2021-06-07 18:30:00",592,12.37,406,0,-0.006,1.21,-1.43,0.107,-0.128,-0.027,-0.356,43.78,35.39
"2021-06-07 19:00:00",593,12.36,406,0,-0.027,1,-1.44,0.089,-0.128,-0.048,-0.357,43.4,35.44
"2021-06-07 19:30:00",594,12.36,406,0,-0.1,0.38,-1.58,0.033,-0.14,-0.096,-0.362,43.38,35.81
"2021-06-07 20:00:00",595,12.35,406,0,-0.155,-0.09,-1.69,-0.008,-0.151,-0.129,-0.364,43.09,35.53
"2021-06-07 20:30:00",596,12.35,406,0,-0.195,-0.47,-1.72,-0.042,-0.153,-0.157,-0.366,42.95,35.39
"2021-06-07 21:00:00",597,12.34,406,0,-0.209,-0.59,-1.75,-0.053,-0.156,-0.167,-0.368,43.01,34.77
"2021-06-07 21:30:00",598,12.34,406,0,-0.228,-0.77,-1.76,-0.069,-0.157,-0.179,-0.369,43.58,35.17
"2021-06-07 22:00:00",599,12.33,406,0,-0.248,-0.96,-1.78,-0.086,-0.159,-0.186,-0.369,43.4,35.83
"2021-06-07 22:30:00",600,12.32,406,0,-0.253,-0.98,-1.81,-0.087,-0.161,-0.19,-0.372,43.77,35.37
"2021-06-07 23:00:00",601,12.32,406,0,-0.253,-1,-1.79,-0.09,-0.16,-0.191,-0.369,43.85,35.86
"2021-06-07 23:30:00",602,12.31,406,0,-0.247,-0.98,-1.75,-0.088,-0.156,-0.185,-0.365,43.4,35.82
"2021-06-08 00:00:00",603,12.31,406,0,-0.246,-0.97,-1.74,-0.086,-0.155,-0.186,-0.363,43.55,36.13
"2021-06-08 00:30:00",604,12.3,406,0,-0.255,-1.03,-1.78,-0.092,-0.158,-0.194,-0.369,44.4,36.25
"2021-06-08 01:00:00",605,12.3,406,0,-0.257,-1.03,-1.81,-0.092,-0.161,-0.189,-0.365,43.01,36.26
"2021-06-08 01:30:00",606,12.3,406,0,-0.263,-1.06,-1.84,-0.095,-0.163,-0.192,-0.368,43.31,35.74
"2021-06-08 02:00:00",607,12.3,406,0,-0.26,-1.06,-1.81,-0.095,-0.161,-0.201,-0.367,44.09,36.1
"2021-06-08 02:30:00",608,12.29,406,0,-0.267,-1.13,-1.81,-0.1,-0.161,-0.197,-0.369,44.59,36.45
"2021-06-08 03:00:00",609,12.29,406,0,-0.268,-1.15,-1.8,-0.103,-0.161,-0.203,-0.364,43.51,36.35
"2021-06-08 03:30:00",610,12.29,406,0,-0.268,-1.15,-1.8,-0.103,-0.161,-0.201,-0.365,43.03,36.03
"2021-06-08 04:00:00",611,12.29,406,0,-0.274,-1.21,-1.8,-0.108,-0.16,-0.206,-0.367,43.3,36.4
"2021-06-08 04:30:00",612,12.28,406,0,-0.279,-1.21,-1.85,-0.108,-0.164,-0.203,-0.367,43.61,36.04
"2021-06-08 05:00:00",613,12.28,406,0,-0.273,-1.15,-1.85,-0.103,-0.164,-0.201,-0.365,44.23,36.5
"2021-06-08 05:30:00",614,12.28,406,0,-0.276,-1.21,-1.82,-0.108,-0.162,-0.203,-0.367,44.35,35.79
"2021-06-08 06:00:00",615,12.28,406,0,-0.253,-0.99,-1.8,-0.089,-0.16,-0.189,-0.367,44.14,36.15
"2021-06-08 06:30:00",616,12.27,406,0,-0.219,-0.68,-1.76,-0.061,-0.157,-0.166,-0.36,44.14,36.56
"2021-06-08 07:00:00",617,12.27,406,0,-0.181,-0.35,-1.69,-0.032,-0.151,-0.14,-0.357,44.3,36.88
"2021-06-08 07:30:00",618,12.27,406,0,-0.112,0.21,-1.53,0.018,-0.136,-0.096,-0.354,44.81,36.67
"2021-06-08 08:00:00",619,12.27,406,0,-0.043,0.81,-1.41,0.072,-0.125,-0.042,-0.342,46.65,37.01
"2021-06-08 08:30:00",620,12.26,406,0,0.003,1.25,-1.36,0.111,-0.122,-0.011,-0.343,45.45,37.31
"2021-06-08 09:00:00",621,12.27,406,0,0.055,1.65,-1.22,0.146,-0.109,0.031,-0.334,47.23,36.34
"2021-06-08 09:30:00",622,12.29,406,0,0.155,2.53,-1.06,0.224,-0.095,0.091,-0.331,46.88,37.24
"2021-06-08 10:00:00",623,12.31,406,0,0.153,2.45,-0.99,0.217,-0.089,0.092,-0.322,47.09,37.45
"2021-06-08 10:30:00",624,12.34,406,0,0.134,2.25,-0.98,0.199,-0.088,0.091,-0.317,47.12,38.32
"2021-06-08 11:00:00",625,12.37,406,0,0.222,3.14,-0.97,0.278,-0.086,0.134,-0.324,47.85,37.39
"2021-06-08 11:30:00",626,12.35,406,0,0.174,2.71,-1.04,0.24,-0.093,0.095,-0.328,45.7,37.06
"2021-06-08 12:00:00",627,12.33,406,0,0.126,2.34,-1.18,0.207,-0.106,0.062,-0.338,44.94,37.12
"2021-06-08 12:30:00",628,12.33,406,0,0.158,2.46,-0.94,0.218,-0.084,0.105,-0.315,47.78,37.57
"2021-06-08 13:00:00",629,12.35,406,0,0.289,3.71,-0.84,0.328,-0.076,0.198,-0.313,49.41,37.71
"2021-06-08 13:30:00",630,12.35,406,0,0.37,4.36,-0.64,0.386,-0.058,0.255,-0.303,52.65,38.32
"2021-06-08 14:00:00",631,12.34,406,0,0.285,3.65,-0.82,0.323,-0.074,0.169,-0.308,43.67,37.62
"2021-06-08 14:30:00",632,12.33,406,0,0.346,4.38,-0.94,0.387,-0.084,0.18,-0.33,42.02,36.29
"2021-06-08 15:00:00",633,12.31,406,0,0.263,3.41,-0.8,0.302,-0.071,0.158,-0.317,43.89,36.34
"2021-06-08 15:30:00",634,12.3,406,0,0.236,3.29,-0.98,0.291,-0.088,0.116,-0.332,44.04,36.08
"2021-06-08 16:00:00",635,12.29,406,0,0.277,3.71,-0.98,0.328,-0.088,0.143,-0.335,44.91,36.28
"2021-06-08 16:30:00",636,12.29,406,0,0.146,2.59,-1.23,0.23,-0.11,0.06,-0.345,44.25,35.88
"2021-06-08 17:00:00",637,12.29,406,0,0.071,1.91,-1.33,0.169,-0.118,0.007,-0.35,42.83,35.69
"2021-06-08 17:30:00",638,12.28,406,0,0.069,1.79,-1.21,0.159,-0.108,0.031,-0.342,44.84,36.2
"2021-06-08 18:00:00",639,12.28,406,0,0.02,1.41,-1.35,0.125,-0.12,-0.026,-0.352,43.15,35.75
"2021-06-08 18:30:00",640,12.28,406,0,0.014,1.35,-1.35,0.119,-0.121,-0.02,-0.352,43.84,36.43
"2021-06-08 19:00:00",641,12.28,406,0,-0.022,1.04,-1.43,0.092,-0.127,-0.039,-0.351,43.84,35.86
"2021-06-08 19:30:00",642,12.27,406,0,-0.065,0.65,-1.48,0.058,-0.132,-0.071,-0.357,44.11,36.13
"2021-06-08 20:00:00",643,12.27,406,0,-0.128,0.13,-1.62,0.011,-0.144,-0.112,-0.362,43.13,35.41
"2021-06-08 20:30:00",644,12.27,406,0,-0.175,-0.28,-1.7,-0.025,-0.152,-0.144,-0.368,42.41,35.83
"2021-06-08 21:00:00",645,12.26,406,0,-0.209,-0.59,-1.75,-0.053,-0.156,-0.162,-0.368,43.48,35.5
"2021-06-08 21:30:00",646,12.26,406,0,-0.219,-0.68,-1.76,-0.061,-0.157,-0.173,-0.365,44.1,35.86
"2021-06-08 22:00:00",647,12.26,406,0,-0.259,-1.05,-1.81,-0.094,-0.161,-0.213,-0.376,42.04,34.88
"2021-06-08 22:30:00",648,12.25,406,0,-0.339,-1.79,-1.89,-0.159,-0.168,-0.238,-0.375,40.78,35.54
"2021-06-08 23:00:00",649,12.25,406,0,-0.28,-1.24,-1.83,-0.111,-0.163,-0.211,-0.367,42.99,35.99
"2021-06-08 23:30:00",650,12.25,406,0,-0.271,-1.12,-1.86,-0.1,-0.166,-0.202,-0.374,43.38,36.06
"2021-06-09 00:00:00",651,12.24,406,0,-0.292,-1.32,-1.88,-0.118,-0.168,-0.217,-0.372,43.02,35.86
"2021-06-09 00:30:00",652,12.24,406,0,-0.283,-1.24,-1.87,-0.111,-0.166,-0.211,-0.369,43.35,35.36
"2021-06-09 01:00:00",653,12.24,406,0,-0.289,-1.33,-1.84,-0.119,-0.164,-0.215,-0.369,42.68,35.94
"2021-06-09 01:30:00",654,12.23,406,0,-0.295,-1.35,-1.88,-0.12,-0.167,-0.215,-0.371,43.74,36.16
"2021-06-09 02:00:00",655,12.23,406,0,-0.277,-1.22,-1.82,-0.109,-0.162,-0.204,-0.369,44.56,36.56
"2021-06-09 02:30:00",656,12.23,406,0,-0.275,-1.2,-1.82,-0.107,-0.162,-0.203,-0.362,44.3,36.73
"2021-06-09 03:00:00",657,12.23,406,0,-0.275,-1.2,-1.82,-0.107,-0.162,-0.204,-0.364,45.16,36.09
"2021-06-09 03:30:00",658,12.22,406,0,-0.27,-1.18,-1.79,-0.105,-0.159,-0.199,-0.363,43.57,36
"2021-06-09 04:00:00",659,12.22,406,0,-0.272,-1.17,-1.82,-0.105,-0.162,-0.202,-0.365,43.98,36.15
"2021-06-09 04:30:00",660,12.22,406,0,-0.269,-1.16,-1.8,-0.103,-0.16,-0.203,-0.366,43.3,35.99
"2021-06-09 05:00:00",661,12.22,406,0,-0.272,-1.19,-1.8,-0.106,-0.16,-0.2,-0.364,44.01,36.17
"2021-06-09 05:30:00",662,12.22,406,0,-0.27,-1.15,-1.82,-0.103,-0.162,-0.2,-0.364,43.17,36.16
"2021-06-09 06:00:00",663,12.22,406,0,-0.255,-1.02,-1.79,-0.091,-0.159,-0.187,-0.36,44.62,36.47
"2021-06-09 06:30:00",664,12.22,406,0,-0.231,-0.8,-1.76,-0.072,-0.156,-0.173,-0.364,43.98,36.98
"2021-06-09 07:00:00",665,12.21,406,0,-0.208,-0.62,-1.7,-0.056,-0.151,-0.162,-0.358,44.04,36.46
"2021-06-09 07:30:00",666,12.21,406,0,-0.201,-0.57,-1.68,-0.051,-0.15,-0.156,-0.36,44.67,36.42
"2021-06-09 08:00:00",667,12.21,406,0,-0.101,0.32,-1.53,0.029,-0.137,-0.088,-0.35,45.83,36.75
"2021-06-09 08:30:00",668,12.21,406,0,-0.022,1.01,-1.39,0.089,-0.124,-0.031,-0.343,45.94,37.13
"2021-06-09 09:00:00",669,12.21,406,0,0.011,1.28,-1.31,0.113,-0.117,-0.007,-0.34,46.97,37.33
"2021-06-09 09:30:00",670,12.21,406,0,-0.006,1.1,-1.31,0.097,-0.117,-0.02,-0.339,47.2,37.14
"2021-06-09 10:00:00",671,12.22,406,0,0.035,1.48,-1.26,0.131,-0.112,0.011,-0.332,45.92,37.78
"2021-06-09 10:30:00",672,12.22,406,0,0.061,1.74,-1.25,0.154,-0.112,0.014,-0.336,45.64,36.83
"2021-06-09 11:00:00",673,12.24,406,0,0.11,2.13,-1.12,0.188,-0.1,0.063,-0.327,45.73,37.5
"2021-06-09 11:30:00",674,12.27,406,0,0.134,2.36,-1.11,0.209,-0.099,0.066,-0.329,45.95,37.57
"2021-06-09 12:00:00",675,12.27,406,0,0.148,2.37,-0.96,0.21,-0.086,0.092,-0.32,46.74,37.27
"2021-06-09 12:30:00",676,12.26,406,0,0.161,2.68,-1.15,0.238,-0.103,0.081,-0.336,44.82,36.59
"2021-06-09 13:00:00",677,12.24,406,0,0.183,2.85,-1.09,0.252,-0.097,0.095,-0.338,45.45,36.8
"2021-06-09 13:30:00",678,12.23,406,0,0.273,3.57,-0.87,0.316,-0.078,0.181,-0.319,49.18,37.32
"2021-06-09 14:00:00",679,12.24,406,0,0.233,3.26,-0.98,0.288,-0.087,0.126,-0.327,45.57,37.19
"2021-06-09 14:30:00",680,12.23,406,0,0.19,2.86,-1.03,0.253,-0.092,0.101,-0.331,45.74,36.53
"2021-06-09 15:00:00",681,12.22,406,0,0.198,2.94,-1.02,0.26,-0.091,0.113,-0.331,44.77,36.38
"2021-06-09 15:30:00",682,12.22,406,0,0.178,2.74,-1.03,0.242,-0.092,0.088,-0.332,45.29,36.49
"2021-06-09 16:00:00",683,12.22,406,0,0.234,3.2,-0.9,0.283,-0.08,0.134,-0.324,46.38,36.75
"2021-06-09 16:30:00",684,12.21,406,0,0.113,2.28,-1.26,0.202,-0.112,0.038,-0.347,43.83,35.7
"2021-06-09 17:00:00",685,12.21,406,0,0.002,1.3,-1.43,0.115,-0.128,-0.03,-0.357,43.96,36.24
"2021-06-09 17:30:00",686,12.21,406,0,-0.027,1.05,-1.5,0.093,-0.134,-0.052,-0.362,43.73,35.49
"2021-06-09 18:00:00",687,12.21,406,0,-0.16,-0.13,-1.7,-0.012,-0.151,-0.135,-0.368,42.16,35.68
"2021-06-09 18:30:00",688,12.2,406,0,-0.271,-1.11,-1.88,-0.099,-0.167,-0.208,-0.378,42.07,35.32
"2021-06-09 19:00:00",689,12.2,406,0,-0.281,-1.17,-1.92,-0.104,-0.171,-0.207,-0.376,42.53,35.78
"2021-06-09 19:30:00",690,12.2,406,0,-0.298,-1.36,-1.9,-0.121,-0.169,-0.218,-0.373,43,35.43
"2021-06-09 20:00:00",691,12.19,406,0,-0.266,-1.1,-1.83,-0.098,-0.163,-0.202,-0.369,42.87,35.96
"2021-06-09 20:30:00",692,12.19,406,0,-0.271,-1.13,-1.85,-0.101,-0.164,-0.201,-0.367,44.62,36.21
"2021-06-09 21:00:00",693,12.18,406,0,-0.279,-1.24,-1.82,-0.111,-0.162,-0.211,-0.365,44.5,35.94
"2021-06-09 21:30:00",694,12.18,406,0,-0.285,-1.29,-1.83,-0.115,-0.162,-0.213,-0.366,44.14,36.41
"2021-06-09 22:00:00",695,12.18,406,0,-0.286,-1.29,-1.85,-0.115,-0.165,-0.214,-0.366,44.24,36.25
"2021-06-09 22:30:00",696,12.18,406,0,-0.291,-1.35,-1.84,-0.12,-0.164,-0.218,-0.364,44.24,35.99
"2021-06-09 23:00:00",697,12.18,406,0,-0.289,-1.29,-1.88,-0.115,-0.167,-0.211,-0.367,43.73,36.15
"2021-06-09 23:30:00",698,12.17,406,0,-0.293,-1.36,-1.85,-0.121,-0.165,-0.217,-0.364,44.97,36.57
"2021-06-10 00:00:00",699,12.17,406,0,-0.291,-1.36,-1.82,-0.121,-0.162,-0.218,-0.364,43.69,36.11
"2021-06-10 00:30:00",700,12.17,406,0,-0.293,-1.35,-1.86,-0.12,-0.166,-0.215,-0.365,43.68,36.26
"2021-06-10 01:00:00",701,12.17,406,0,-0.288,-1.29,-1.87,-0.115,-0.166,-0.211,-0.364,44.89,36.74
"2021-06-10 01:30:00",702,12.17,406,0,-0.289,-1.34,-1.83,-0.119,-0.163,-0.21,-0.361,43.91,36.17
"2021-06-10 02:00:00",703,12.17,406,0,-0.287,-1.31,-1.83,-0.117,-0.163,-0.213,-0.365,43.59,36.84
"2021-06-10 02:30:00",704,12.16,406,0,-0.289,-1.3,-1.87,-0.116,-0.167,-0.21,-0.365,45.13,36.15
"2021-06-10 03:00:00",705,12.16,406,0,-0.287,-1.3,-1.85,-0.116,-0.164,-0.21,-0.363,44.25,36.67
"2021-06-10 03:30:00",706,12.16,406,0,-0.282,-1.25,-1.85,-0.112,-0.165,-0.209,-0.365,44.51,36.11
"2021-06-10 04:00:00",707,12.16,406,0,-0.281,-1.23,-1.86,-0.11,-0.166,-0.21,-0.366,43.71,36.7
"2021-06-10 04:30:00",708,12.16,406,0,-0.279,-1.25,-1.81,-0.111,-0.161,-0.206,-0.362,43.58,36.57
"2021-06-10 05:00:00",709,12.16,406,0,-0.287,-1.31,-1.84,-0.116,-0.164,-0.213,-0.364,43.33,37.15
"2021-06-10 05:30:00",710,12.16,406,0,-0.292,-1.3,-1.9,-0.116,-0.169,-0.211,-0.365,44.48,35.81
"2021-06-10 06:00:00",711,12.16,406,0,-0.285,-1.26,-1.87,-0.112,-0.167,-0.212,-0.366,43.6,36.43
"2021-06-10 06:30:00",712,12.15,406,0,-0.271,-1.18,-1.8,-0.105,-0.16,-0.203,-0.362,44.09,35.94
"2021-06-10 07:00:00",713,12.15,406,0,-0.243,-0.93,-1.76,-0.083,-0.157,-0.181,-0.358,45.04,37.05
"2021-06-10 07:30:00",714,12.15,406,0,-0.251,-0.98,-1.79,-0.088,-0.16,-0.183,-0.357,45.28,37.29
"2021-06-10 08:00:00",715,12.15,406,0,-0.237,-0.93,-1.69,-0.083,-0.151,-0.181,-0.352,44.65,37.08
"2021-06-10 08:30:00",716,12.15,406,0,-0.223,-0.76,-1.72,-0.068,-0.153,-0.166,-0.354,45.42,36.6
"2021-06-10 09:00:00",717,12.15,406,0,-0.215,-0.71,-1.68,-0.064,-0.15,-0.167,-0.352,44.53,37.11
"2021-06-10 09:30:00",718,12.15,406,0,-0.186,-0.44,-1.65,-0.039,-0.147,-0.141,-0.352,45.88,37.06
"2021-06-10 10:00:00",719,12.15,406,0,-0.126,0.06,-1.52,0.005,-0.135,-0.1,-0.342,47.26,36.95
"2021-06-10 10:30:00",720,12.17,406,0,-0.032,0.91,-1.4,0.08,-0.124,-0.035,-0.333,45.95,38.23
"2021-06-10 11:00:00",721,12.19,406,0,0.069,1.75,-1.17,0.155,-0.104,0.046,-0.322,49.09,38.06
"2021-06-10 11:30:00",722,12.22,406,0,0.073,1.79,-1.17,0.158,-0.105,0.037,-0.328,47.36,37.58
"2021-06-10 12:00:00",723,12.24,406,0,0.05,1.54,-1.15,0.136,-0.102,0.033,-0.321,45.04,37.22
"2021-06-10 12:30:00",724,12.23,406,0,0.281,3.64,-0.86,0.322,-0.077,0.206,-0.306,58.81,37.84
"2021-06-10 13:00:00",725,12.25,406,0,0.178,2.46,-0.71,0.218,-0.064,0.16,-0.291,47.12,39.16
"2021-06-10 13:30:00",726,12.24,406,0,0.435,5.02,-0.64,0.445,-0.057,0.268,-0.317,48.18,36.89
"2021-06-10 14:00:00",727,12.23,406,0,0.257,3.26,-0.7,0.289,-0.063,0.166,-0.298,41.68,38.11
"2021-06-10 14:30:00",728,12.22,406,0,0.392,4.72,-0.79,0.417,-0.071,0.202,-0.32,43.06,36.75
"2021-06-10 15:00:00",729,12.21,406,0,0.386,4.62,-0.75,0.409,-0.067,0.224,-0.326,44.02,36.46
"2021-06-10 15:30:00",730,12.2,406,0,0.378,4.61,-0.83,0.408,-0.074,0.206,-0.328,43.54,36.25
"2021-06-10 16:00:00",731,12.19,406,0,0.078,2,-1.34,0.177,-0.119,0.002,-0.357,43.38,34.99
"2021-06-10 16:30:00",732,12.18,406,0,-0.173,-0.11,-1.87,-0.01,-0.166,-0.169,-0.386,40.91,34.32
"2021-06-10 17:00:00",733,12.18,406,0,-0.241,-0.84,-1.83,-0.075,-0.162,-0.182,-0.371,44.04,35.49
"2021-06-10 17:30:00",734,12.17,406,0,-0.23,-0.77,-1.79,-0.069,-0.159,-0.179,-0.369,43.9,35.08
"2021-06-10 18:00:00",735,12.16,406,0,-0.217,-0.67,-1.75,-0.06,-0.156,-0.168,-0.367,44.05,35.5
"2021-06-10 18:30:00",736,12.16,406,0,-0.198,-0.48,-1.74,-0.044,-0.155,-0.158,-0.369,42.77,35.61
"2021-06-10 19:00:00",737,12.15,406,0,-0.225,-0.73,-1.77,-0.065,-0.158,-0.175,-0.37,44.35,35.79
"2021-06-10 19:30:00",738,12.15,406,0,-0.245,-0.95,-1.76,-0.085,-0.157,-0.192,-0.37,43,35.84
"2021-06-10 20:00:00",739,12.15,406,0,-0.263,-1.05,-1.85,-0.094,-0.165,-0.199,-0.37,43.51,35.93
"2021-06-10 20:30:00",740,12.14,406,0,-0.271,-1.14,-1.84,-0.102,-0.164,-0.199,-0.368,42.85,35.69
"2021-06-10 21:00:00",741,12.14,406,0,-0.285,-1.27,-1.86,-0.113,-0.166,-0.213,-0.371,43.16,35.17
"2021-06-10 21:30:00",742,12.14,406,0,-0.28,-1.22,-1.86,-0.109,-0.166,-0.212,-0.371,42.94,35.77
"2021-06-10 22:00:00",743,12.14,406,0,-0.293,-1.35,-1.86,-0.121,-0.165,-0.215,-0.372,43.17,35.75
"2021-06-10 22:30:00",744,12.13,406,0,-0.291,-1.32,-1.87,-0.118,-0.166,-0.217,-0.373,43.86,36.12
"2021-06-10 23:00:00",745,12.13,406,0,-0.289,-1.33,-1.84,-0.118,-0.164,-0.218,-0.369,43.14,35.82
"2021-06-10 23:30:00",746,12.13,406,0,-0.298,-1.38,-1.88,-0.123,-0.167,-0.217,-0.368,43.5,36.18
"2021-06-11 00:00:00",747,12.12,406,0,-0.299,-1.39,-1.88,-0.124,-0.167,-0.221,-0.367,43.46,36.13
"2021-06-11 00:30:00",748,12.12,406,0,-0.296,-1.36,-1.88,-0.121,-0.167,-0.22,-0.365,43.02,36.53
"2021-06-11 01:00:00",749,12.12,406,0,-0.299,-1.37,-1.9,-0.122,-0.169,-0.222,-0.37,43.25,36.5
"2021-06-11 01:30:00",750,12.12,406,0,-0.293,-1.34,-1.87,-0.119,-0.166,-0.216,-0.368,43.06,36.47
"2021-06-11 02:00:00",751,12.12,406,0,-0.289,-1.33,-1.83,-0.119,-0.163,-0.216,-0.365,43.97,36.65
"2021-06-11 02:30:00",752,12.11,406,0,-0.291,-1.36,-1.83,-0.121,-0.163,-0.218,-0.366,44.59,37.17
"2021-06-11 03:00:00",753,12.11,406,0,-0.294,-1.36,-1.86,-0.122,-0.165,-0.218,-0.366,43.2,36.71
"2021-06-11 03:30:00",754,12.11,406,0,-0.293,-1.36,-1.85,-0.121,-0.165,-0.218,-0.365,44.04,36.3
"2021-06-11 04:00:00",755,12.11,406,0,-0.292,-1.35,-1.85,-0.121,-0.165,-0.215,-0.366,43.66,36.49
"2021-06-11 04:30:00",756,12.11,406,0,-0.296,-1.36,-1.88,-0.121,-0.167,-0.218,-0.365,43.88,36.71
"2021-06-11 05:00:00",757,12.11,406,0,-0.291,-1.36,-1.83,-0.122,-0.162,-0.216,-0.365,44.66,36.66
"2021-06-11 05:30:00",758,12.1,406,0,-0.29,-1.35,-1.82,-0.121,-0.162,-0.216,-0.365,44.36,36.77
"2021-06-11 06:00:00",759,12.1,406,0,-0.298,-1.39,-1.87,-0.124,-0.166,-0.216,-0.366,44.81,36.81
"2021-06-11 06:30:00",760,12.1,406,0,-0.289,-1.35,-1.81,-0.12,-0.161,-0.216,-0.364,44.58,36.59
"2021-06-11 07:00:00",761,12.1,406,0,-0.298,-1.42,-1.84,-0.127,-0.164,-0.219,-0.365,43.51,36.6
"2021-06-11 07:30:00",762,12.1,406,0,-0.288,-1.34,-1.81,-0.119,-0.161,-0.212,-0.364,43.92,37.02
"2021-06-11 08:00:00",763,12.1,406,0,-0.285,-1.29,-1.84,-0.115,-0.163,-0.211,-0.362,42.99,36.81
"2021-06-11 08:30:00",764,12.1,406,0,-0.283,-1.26,-1.84,-0.113,-0.163,-0.211,-0.363,44.02,36.44
"2021-06-11 09:00:00",765,12.1,406,0,-0.284,-1.27,-1.84,-0.113,-0.164,-0.209,-0.363,44.75,36.6
"2021-06-11 09:30:00",766,12.09,406,0,-0.288,-1.32,-1.84,-0.118,-0.164,-0.212,-0.363,43.83,36.92
"2021-06-11 10:00:00",767,12.09,406,0,-0.292,-1.34,-1.86,-0.119,-0.165,-0.215,-0.363,44.6,36.6
"2021-06-11 10:30:00",768,12.09,406,0,-0.29,-1.36,-1.81,-0.121,-0.161,-0.216,-0.362,44.07,36.49
"2021-06-11 11:00:00",769,12.09,406,0,-0.28,-1.26,-1.81,-0.113,-0.161,-0.209,-0.363,44.48,36.33
"2021-06-11 11:30:00",770,12.09,406,0,-0.295,-1.38,-1.85,-0.123,-0.165,-0.218,-0.366,42.76,36.27
"2021-06-11 12:00:00",771,12.08,406,0,-0.29,-1.29,-1.89,-0.115,-0.168,-0.213,-0.363,43.45,36.28
"2021-06-11 12:30:00",772,12.08,406,0,-0.285,-1.29,-1.83,-0.115,-0.162,-0.212,-0.363,44.81,37.23
"2021-06-11 13:00:00",773,12.08,406,0,-0.293,-1.38,-1.83,-0.123,-0.163,-0.218,-0.363,43.47,36.04
"2021-06-11 13:30:00",774,12.08,406,0,-0.29,-1.3,-1.88,-0.116,-0.167,-0.215,-0.365,43.87,36.7
"2021-06-11 14:00:00",775,12.08,406,0,-0.296,-1.39,-1.85,-0.124,-0.165,-0.217,-0.363,45.32,37.32
"2021-06-11 14:30:00",776,12.08,406,0,-0.286,-1.31,-1.82,-0.117,-0.162,-0.212,-0.361,44.54,37.22
"2021-06-11 15:00:00",777,12.08,406,0,-0.295,-1.36,-1.87,-0.122,-0.166,-0.215,-0.361,45.44,37.28
"2021-06-11 15:30:00",778,12.08,406,0,-0.303,-1.42,-1.89,-0.127,-0.168,-0.222,-0.364,44.48,36.48
"2021-06-11 16:00:00",779,12.07,406,0,-0.296,-1.37,-1.87,-0.122,-0.166,-0.216,-0.364,43.89,36.56
"2021-06-11 16:30:00",780,12.07,406,0,-0.293,-1.35,-1.86,-0.12,-0.166,-0.214,-0.361,45.29,36.72
"2021-06-11 17:00:00",781,12.07,406,0,-0.301,-1.41,-1.88,-0.125,-0.167,-0.219,-0.364,44.03,36.29
"2021-06-11 17:30:00",782,12.07,406,0,-0.298,-1.39,-1.87,-0.124,-0.166,-0.219,-0.365,44.5,36.5
"2021-06-11 18:00:00",783,12.07,406,0,-0.301,-1.38,-1.92,-0.123,-0.17,-0.219,-0.368,43.46,36.86
"2021-06-11 18:30:00",784,12.07,406,0,-0.297,-1.4,-1.85,-0.125,-0.164,-0.221,-0.365,43.41,36.82
"2021-06-11 19:00:00",785,12.06,406,0,-0.294,-1.35,-1.87,-0.12,-0.166,-0.217,-0.365,44.3,36.71
"2021-06-11 19:30:00",786,12.06,406,0,-0.297,-1.4,-1.85,-0.125,-0.165,-0.216,-0.362,44.39,36.81
"2021-06-11 20:00:00",787,12.06,406,0,-0.295,-1.37,-1.86,-0.122,-0.165,-0.218,-0.368,42.9,36.4
"2021-06-11 20:30:00",788,12.06,406,0,-0.292,-1.32,-1.88,-0.118,-0.167,-0.215,-0.366,45.12,36.29
"2021-06-11 21:00:00",789,12.06,406,0,-0.298,-1.38,-1.88,-0.123,-0.167,-0.217,-0.366,42.94,36.35
"2021-06-11 21:30:00",790,12.06,406,0,-0.308,-1.49,-1.87,-0.132,-0.166,-0.225,-0.366,44.77,36.92
"2021-06-11 22:00:00",791,12.06,406,0,-0.297,-1.35,-1.9,-0.12,-0.169,-0.215,-0.366,43.36,36.61
"2021-06-11 22:30:00",792,12.05,406,0,-0.304,-1.41,-1.92,-0.125,-0.171,-0.224,-0.367,44.68,36.52
"2021-06-11 23:00:00",793,12.05,406,0,-0.308,-1.45,-1.92,-0.129,-0.171,-0.222,-0.367,43.69,36.52
"2021-06-11 23:30:00",794,12.05,406,0,-0.302,-1.41,-1.89,-0.126,-0.168,-0.217,-0.366,44.51,36.51
"2021-06-12 00:00:00",795,12.05,406,0,-0.29,-1.31,-1.87,-0.117,-0.166,-0.219,-0.364,45.25,36.68
"2021-06-12 00:30:00",796,12.04,406,0,-0.297,-1.35,-1.9,-0.12,-0.169,-0.215,-0.364,43.89,36.46
"2021-06-12 01:00:00",797,12.04,406,0,-0.297,-1.35,-1.9,-0.121,-0.169,-0.22,-0.364,44.83,36.42
"2021-06-12 01:30:00",798,12.04,406,0,-0.302,-1.41,-1.9,-0.126,-0.169,-0.22,-0.368,44.15,36.72
"2021-06-12 02:00:00",799,12.04,406,0,-0.301,-1.42,-1.87,-0.126,-0.166,-0.22,-0.366,44.61,36.77
"2021-06-12 02:30:00",800,12.04,406,0,-0.289,-1.32,-1.85,-0.118,-0.164,-0.218,-0.365,44.32,36.31
"2021-06-12 03:00:00",801,12.04,406,0,-0.291,-1.33,-1.86,-0.119,-0.165,-0.219,-0.363,44.55,36.7
"2021-06-12 03:30:00",802,12.04,406,0,-0.302,-1.41,-1.9,-0.126,-0.169,-0.217,-0.366,46.15,37.31
"2021-06-12 04:00:00",803,12.04,406,0,-0.297,-1.38,-1.87,-0.123,-0.166,-0.217,-0.366,42.87,36.53
"2021-06-12 04:30:00",804,12.03,406,0,-0.299,-1.41,-1.86,-0.126,-0.166,-0.219,-0.362,45.15,37.15
"2021-06-12 05:00:00",805,12.03,406,0,-0.299,-1.41,-1.86,-0.125,-0.166,-0.219,-0.364,43.79,36.36
"2021-06-12 05:30:00",806,12.03,406,0,-0.297,-1.34,-1.92,-0.12,-0.17,-0.212,-0.364,45.51,36.52
"2021-06-12 06:00:00",807,12.03,406,0,-0.302,-1.41,-1.89,-0.125,-0.168,-0.215,-0.363,44.17,37
"2021-06-12 06:30:00",808,12.03,406,0,-0.29,-1.32,-1.86,-0.118,-0.166,-0.212,-0.364,45.73,37.15
"2021-06-12 07:00:00",809,12.02,406,0,-0.292,-1.34,-1.86,-0.119,-0.166,-0.214,-0.361,43.06,37.4
"2021-06-12 07:30:00",810,12.02,406,0,-0.295,-1.35,-1.88,-0.12,-0.167,-0.222,-0.364,43.77,36.86
"2021-06-12 08:00:00",811,12.02,406,0,-0.267,-1.13,-1.81,-0.101,-0.161,-0.198,-0.359,44.91,37.17
"2021-06-12 08:30:00",812,12.02,406,0,-0.248,-0.99,-1.75,-0.088,-0.156,-0.183,-0.355,43.1,37.18
"2021-06-12 09:00:00",813,12.02,406,0,-0.257,-1.02,-1.82,-0.091,-0.162,-0.193,-0.362,43.85,36.83
"2021-06-12 09:30:00",814,12.02,406,0,-0.278,-1.24,-1.81,-0.111,-0.161,-0.209,-0.362,45.19,36.92
"2021-06-12 10:00:00",815,12.02,406,0,-0.253,-1.01,-1.78,-0.091,-0.158,-0.182,-0.355,43.75,36.57
"2021-06-12 10:30:00",816,12.01,406,0,-0.254,-1.06,-1.74,-0.095,-0.155,-0.185,-0.358,46.9,36.56
"2021-06-12 11:00:00",817,12.03,406,0,-0.161,-0.31,-1.51,-0.028,-0.134,-0.113,-0.34,46.71,38.04
"2021-06-12 11:30:00",818,12.08,406,0,0.001,1.18,-1.31,0.104,-0.117,-0.016,-0.333,47.87,37.79
"2021-06-12 12:00:00",819,12.06,406,0,-0.004,1.19,-1.39,0.105,-0.124,-0.034,-0.346,43.59,37.68
"2021-06-12 12:30:00",820,12.05,406,0,0.253,3.69,-1.23,0.327,-0.11,-99,-0.34,-99,36.88
"2021-06-12 13:00:00",821,12.1,406,0,0.15,2.29,-0.84,0.203,-0.075,0.118,-0.287,49.22,39.58
"2021-06-12 13:30:00",822,12.11,406,0,0.297,3.87,-0.93,0.343,-0.083,0.188,-0.321,45.72,37.73
"2021-06-12 14:00:00",823,12.1,406,0,0.149,2.2,-0.76,0.194,-0.068,0.134,-0.288,44.45,39.94
"2021-06-12 14:30:00",824,12.08,406,0,0.303,3.96,-0.96,0.35,-0.086,0.151,-0.332,45.71,36.64
"2021-06-12 15:00:00",825,12.06,406,0,0.295,3.92,-1.01,0.347,-0.09,0.156,-0.334,44.9,37.06
"2021-06-12 15:30:00",826,12.05,406,0,0.384,4.57,-0.71,0.405,-0.064,0.283,-0.318,52.52,37.74
"2021-06-12 16:00:00",827,12.04,406,0,0.326,4.19,-0.96,0.371,-0.086,0.17,-0.335,44.26,37.11
"2021-06-12 16:30:00",828,12.04,406,0,0.26,3.58,-1.03,0.317,-0.092,0.146,-0.334,45.53,36.55
"2021-06-12 17:00:00",829,12.03,406,0,0.164,2.69,-1.13,0.238,-0.101,0.082,-0.334,45.68,36.86
"2021-06-12 17:30:00",830,12.03,406,0,0.08,1.94,-1.26,0.172,-0.113,0.028,-0.342,45.63,37.38
"2021-06-12 18:00:00",831,12.03,406,0,0.029,1.5,-1.35,0.133,-0.12,-0.007,-0.347,45.42,37.18
"2021-06-12 18:30:00",832,12.03,406,0,-0.002,1.23,-1.41,0.109,-0.125,-0.029,-0.351,45.29,37.04
"2021-06-12 19:00:00",833,12.03,406,0,-0.02,1.07,-1.44,0.095,-0.128,-0.043,-0.355,44.41,36.83
"2021-06-12 19:30:00",834,12.03,406,0,-0.054,0.79,-1.52,0.07,-0.135,-0.065,-0.354,44.26,37.1
"2021-06-12 20:00:00",835,12.02,406,0,-0.099,0.4,-1.6,0.035,-0.143,-0.095,-0.36,44.28,36.02
"2021-06-12 20:30:00",836,12.02,406,0,-0.157,-0.09,-1.71,-0.009,-0.152,-0.135,-0.367,43.06,36.46
"2021-06-12 21:00:00",837,12.02,406,0,-0.207,-0.56,-1.76,-0.05,-0.157,-0.161,-0.367,43.62,36.03
"2021-06-12 21:30:00",838,12.01,406,0,-0.226,-0.74,-1.77,-0.066,-0.158,-0.174,-0.367,44.04,36.29
"2021-06-12 22:00:00",839,12.01,406,0,-0.244,-0.89,-1.81,-0.08,-0.161,-0.185,-0.366,44.31,36.46
"2021-06-12 22:30:00",840,12,406,0,-0.25,-0.96,-1.8,-0.086,-0.16,-0.19,-0.365,44.03,36.71
"2021-06-12 23:00:00",841,12,406,0,-0.266,-1.1,-1.83,-0.098,-0.163,-0.201,-0.366,42.91,36.57
"2021-06-12 23:30:00",842,12,406,0,-0.271,-1.11,-1.88,-0.099,-0.167,-0.207,-0.369,43.64,36.63
"2021-06-13 00:00:00",843,12,406,0,-0.274,-1.18,-1.83,-0.105,-0.163,-0.203,-0.367,43.66,36.33
"2021-06-13 00:30:00",844,11.99,406,0,-0.286,-1.27,-1.87,-0.113,-0.166,-0.21,-0.366,44.03,36.44
"2021-06-13 01:00:00",845,11.99,406,0,-0.274,-1.16,-1.85,-0.104,-0.165,-0.199,-0.365,44.22,36.63
"2021-06-13 01:30:00",846,11.99,406,0,-0.279,-1.22,-1.84,-0.109,-0.164,-0.205,-0.364,43.54,36.52
"2021-06-13 02:00:00",847,11.99,406,0,-0.284,-1.27,-1.84,-0.113,-0.164,-0.21,-0.364,43.32,37.55
"2021-06-13 02:30:00",848,11.98,406,0,-0.296,-1.36,-1.88,-0.121,-0.167,-0.216,-0.368,43.33,36
"2021-06-13 03:00:00",849,11.98,406,0,-0.287,-1.31,-1.83,-0.117,-0.163,-0.212,-0.365,44.12,36.53
"2021-06-13 03:30:00",850,11.98,406,0,-0.289,-1.29,-1.88,-0.115,-0.167,-0.214,-0.366,44.03,36.44
"2021-06-13 04:00:00",851,11.98,406,0,-0.294,-1.36,-1.86,-0.121,-0.165,-0.221,-0.367,44.61,36.34
"2021-06-13 04:30:00",852,11.97,406,0,-0.293,-1.35,-1.86,-0.12,-0.165,-0.216,-0.366,43.51,36.33
"2021-06-13 05:00:00",853,11.97,406,0,-0.296,-1.37,-1.87,-0.122,-0.167,-0.22,-0.365,43.25,36.91
"2021-06-13 05:30:00",854,11.97,406,0,-0.297,-1.38,-1.87,-0.123,-0.167,-0.22,-0.365,44.84,36.42
"2021-06-13 06:00:00",855,11.97,406,0,-0.294,-1.34,-1.88,-0.119,-0.167,-0.217,-0.364,44,36.68
"2021-06-13 06:30:00",856,11.97,406,0,-0.296,-1.37,-1.87,-0.122,-0.166,-0.212,-0.364,44.95,36.68
"2021-06-13 07:00:00",857,11.97,406,0,-0.286,-1.33,-1.8,-0.119,-0.16,-0.212,-0.359,44.18,36.85
"2021-06-13 07:30:00",858,11.96,406,0,-0.268,-1.16,-1.79,-0.104,-0.16,-0.194,-0.357,45.83,37.57
"2021-06-13 08:00:00",859,11.96,406,0,-0.22,-0.72,-1.73,-0.065,-0.154,-0.166,-0.354,45.71,37.14
"2021-06-13 08:30:00",860,11.96,406,0,-0.148,-0.11,-1.59,-0.011,-0.141,-0.113,-0.347,44.81,37.65
"2021-06-13 09:00:00",861,11.96,406,0,-0.049,0.79,-1.46,0.07,-0.13,-0.047,-0.345,46.21,37.22
"2021-06-13 09:30:00",862,11.97,406,0,0.078,1.89,-1.22,0.167,-0.109,0.041,-0.33,47.04,37.64
"2021-06-13 10:00:00",863,12.01,406,0,0.226,3.08,-0.86,0.272,-0.077,-99,-0.303,-99,39.15
"2021-06-13 10:30:00",864,12.06,406,0,0.261,3.26,-0.66,0.288,-0.06,0.219,-0.282,55.38,39.52
"2021-06-13 11:00:00",865,12.26,406,0,0.386,4.45,-0.56,0.394,-0.05,0.284,-0.286,54.5,39.49
"2021-06-13 11:30:00",866,12.32,406,0,0.381,4.51,-0.68,0.399,-0.061,0.272,-0.295,52.03,39.5
"2021-06-13 12:00:00",867,12.21,406,0,0.236,3.26,-0.94,0.288,-0.084,0.144,-0.3,46.98,39.16
"2021-06-13 12:30:00",868,12.17,406,0,0.485,5.74,-0.87,0.508,-0.078,0.28,-0.331,52.25,36.55
"2021-06-13 13:00:00",869,12.17,406,0,0.367,4.55,-0.89,0.402,-0.08,0.22,-0.326,50.44,37.65
"2021-06-13 13:30:00",870,12.17,406,0,0.363,4.48,-0.86,0.396,-0.077,0.224,-0.325,50.48,36.97
"2021-06-13 14:00:00",871,12.15,406,0,0.157,2.38,-0.87,0.21,-0.078,0.109,-0.305,43.7,37.8
"2021-06-13 14:30:00",872,12.13,406,0,0.208,3.05,-1.03,0.27,-0.092,0.097,-0.329,42.98,36.66
"2021-06-13 15:00:00",873,12.11,406,0,0.248,3.56,-1.14,0.315,-0.102,0.106,-0.348,42.65,36.32
"2021-06-13 15:30:00",874,12.1,406,0,0.239,3.45,-1.12,0.305,-0.1,0.127,-0.343,47.85,36.56
"2021-06-13 16:00:00",875,12.09,406,0,0.199,3.08,-1.17,0.273,-0.105,0.08,-0.347,42.87,35.88
"2021-06-13 16:30:00",876,12.08,406,0,0.135,2.44,-1.19,0.216,-0.106,0.049,-0.346,43.81,36.25
"2021-06-13 17:00:00",877,12.07,406,0,0.06,1.83,-1.36,0.162,-0.121,0.014,-0.353,44.19,35.95
"2021-06-13 17:30:00",878,12.07,406,0,0.013,1.36,-1.37,0.12,-0.122,-0.026,-0.351,43.51,37.04
"2021-06-13 18:00:00",879,12.07,406,0,-0.027,1.05,-1.5,0.093,-0.134,-0.048,-0.358,44.77,35.8
"2021-06-13 18:30:00",880,12.06,406,0,-0.067,0.67,-1.53,0.059,-0.137,-0.084,-0.362,42.84,35.11
"2021-06-13 19:00:00",881,12.06,406,0,-0.119,0.23,-1.63,0.021,-0.145,-0.114,-0.365,43.72,35.74
"2021-06-13 19:30:00",882,12.05,406,0,-0.152,-0.09,-1.65,-0.009,-0.147,-0.138,-0.367,42.49,36.16
"2021-06-13 20:00:00",883,12.05,406,0,-0.2,-0.5,-1.74,-0.045,-0.155,-0.16,-0.369,43.07,35.49
"2021-06-13 20:30:00",884,12.04,406,0,-0.235,-0.77,-1.84,-0.069,-0.164,-0.182,-0.372,43.62,36.29
"2021-06-13 21:00:00",885,12.04,406,0,-0.242,-0.88,-1.8,-0.079,-0.16,-0.187,-0.369,43.57,35.41
"2021-06-13 21:30:00",886,12.03,406,0,-0.254,-0.97,-1.84,-0.087,-0.164,-0.191,-0.372,43.06,36.05
"2021-06-13 22:00:00",887,12.02,406,0,-0.264,-1.07,-1.84,-0.096,-0.164,-0.201,-0.371,43.83,35.83
"2021-06-13 22:30:00",888,12.02,406,0,-0.269,-1.13,-1.83,-0.101,-0.163,-0.204,-0.371,43.43,36.41
"2021-06-13 23:00:00",889,12.01,406,0,-0.263,-1.07,-1.83,-0.095,-0.162,-0.201,-0.367,43.9,35.89
"2021-06-13 23:30:00",890,12.01,406,0,-0.276,-1.19,-1.84,-0.106,-0.164,-0.203,-0.365,43.56,36.39
"2021-06-14 00:00:00",891,12,406,0,-0.271,-1.13,-1.85,-0.101,-0.164,-0.201,-0.367,43.58,35.58
"2021-06-14 00:30:00",892,12,406,0,-0.271,-1.16,-1.82,-0.104,-0.162,-0.201,-0.366,44.17,36.58
"2021-06-14 01:00:00",893,11.99,406,0,-0.271,-1.12,-1.86,-0.1,-0.166,-0.2,-0.365,43.5,36.07
"2021-06-14 01:30:00",894,11.99,406,0,-0.277,-1.2,-1.84,-0.107,-0.164,-0.204,-0.364,44.26,36.26
"2021-06-14 02:00:00",895,11.99,406,0,-0.265,-1.08,-1.84,-0.096,-0.163,-0.2,-0.366,43.55,36.79
"2021-06-14 02:30:00",896,11.98,406,0,-0.278,-1.21,-1.84,-0.108,-0.164,-0.205,-0.365,43.6,36.68
"2021-06-14 03:00:00",897,11.98,406,0,-0.266,-1.11,-1.82,-0.099,-0.162,-0.2,-0.362,44.36,36.36
"2021-06-14 03:30:00",898,11.98,406,0,-0.281,-1.24,-1.85,-0.111,-0.165,-0.205,-0.362,43.87,36.12
"2021-06-14 04:00:00",899,11.97,406,0,-0.278,-1.22,-1.83,-0.109,-0.163,-0.209,-0.364,44.07,36.33
"2021-06-14 04:30:00",900,11.97,406,0,-0.278,-1.22,-1.83,-0.109,-0.163,-0.206,-0.364,44.13,36.28
"2021-06-14 05:00:00",901,11.97,406,0,-0.283,-1.24,-1.87,-0.11,-0.166,-0.208,-0.367,44.02,36.27
"2021-06-14 05:30:00",902,11.97,406,0,-0.282,-1.23,-1.87,-0.11,-0.166,-0.212,-0.366,44.29,36.28
"2021-06-14 06:00:00",903,11.96,406,0,-0.274,-1.18,-1.83,-0.106,-0.163,-0.206,-0.364,44.76,36.75
"2021-06-14 06:30:00",904,11.96,406,0,-0.262,-1.09,-1.8,-0.097,-0.16,-0.195,-0.362,45.18,36.6
"2021-06-14 07:00:00",905,11.96,406,0,-0.225,-0.74,-1.76,-0.066,-0.157,-0.167,-0.36,45.53,37.27
"2021-06-14 07:30:00",906,11.96,406,0,-0.139,0,-1.61,0,-0.144,-0.109,-0.35,46.76,37.1
"2021-06-14 08:00:00",907,11.95,406,0,-0.018,1.03,-1.37,0.091,-0.122,-0.023,-0.338,47.61,37.53
"2021-06-14 08:30:00",908,11.95,406,0,0.103,2.13,-1.2,0.189,-0.107,0.053,-0.332,48.23,37.74
"2021-06-14 09:00:00",909,11.96,406,0,0.084,1.92,-1.19,0.17,-0.106,0.046,-0.33,47.02,38.04
"2021-06-14 09:30:00",910,11.96,406,0,0.119,2.24,-1.14,0.198,-0.101,0.072,-0.326,48.53,37.78
"2021-06-14 10:00:00",911,12,406,0,0.254,3.32,-0.81,0.294,-0.072,-99,-0.3,-99,39.77
"2021-06-14 10:30:00",912,12.04,406,0,0.141,2.26,-0.91,0.2,-0.081,0.103,-0.303,45.21,39.46
"2021-06-14 11:00:00",913,12.08,406,0,0.197,2.88,-0.97,0.255,-0.087,0.132,-0.317,51.71,38.75
"2021-06-14 11:30:00",914,12.22,406,0,0.238,3.03,-0.66,0.268,-0.059,0.194,-0.279,52.73,41.04
"2021-06-14 12:00:00",915,12.16,406,0,0.266,3.38,-0.74,0.299,-0.066,0.202,-0.286,50.54,39
"2021-06-14 12:30:00",916,12.16,406,0,0.225,3.04,-0.83,0.269,-0.074,0.159,-0.3,47.51,38.46
"2021-06-14 13:00:00",917,12.15,406,0,0.265,3.5,-0.88,0.31,-0.079,0.153,-0.32,46.49,37.03
"2021-06-14 13:30:00",918,12.12,406,0,0.303,4.16,-1.18,0.368,-0.105,0.116,-0.353,44.05,35.66
"2021-06-14 14:00:00",919,12.11,406,0,0.25,3.29,-0.82,0.291,-0.074,0.169,-0.311,45.85,38.29
"2021-06-14 14:30:00",920,12.09,406,0,0.251,3.36,-0.89,0.297,-0.079,0.164,-0.324,45.96,37
"2021-06-14 15:00:00",921,12.08,406,0,0.248,3.48,-1.05,0.308,-0.094,0.108,-0.338,42.9,36.59
"2021-06-14 15:30:00",922,12.07,406,0,0.294,3.88,-0.98,0.344,-0.088,0.149,-0.333,45.9,36.84
"2021-06-14 16:00:00",923,12.06,406,0,0.248,3.57,-1.16,0.316,-0.103,0.11,-0.347,43.71,36.16
"2021-06-14 16:30:00",924,12.05,406,0,0.167,2.75,-1.17,0.244,-0.104,0.071,-0.343,45.23,36.17
"2021-06-14 17:00:00",925,12.05,406,0,0.078,1.95,-1.29,0.173,-0.115,0.019,-0.35,44.27,35.88
"2021-06-14 17:30:00",926,12.04,406,0,0.018,1.41,-1.37,0.125,-0.122,-0.01,-0.348,44.48,36.09
"2021-06-14 18:00:00",927,12.04,406,0,-0.01,1.14,-1.4,0.1,-0.125,-0.038,-0.352,45.11,36.3
"2021-06-14 18:30:00",928,12.03,406,0,-0.015,1.12,-1.44,0.099,-0.128,-0.041,-0.357,44.48,35.67
"2021-06-14 19:00:00",929,12.03,406,0,-0.049,0.85,-1.52,0.075,-0.135,-0.06,-0.358,43.5,35.26
"2021-06-14 19:30:00",930,12.02,406,0,-0.092,0.43,-1.55,0.038,-0.138,-0.09,-0.359,43.36,36.21
"2021-06-14 20:00:00",931,12.02,406,0,-0.144,0,-1.66,0,-0.148,-0.123,-0.364,42.19,35.87
"2021-06-14 20:30:00",932,12.01,406,0,-0.198,-0.47,-1.76,-0.042,-0.156,-0.161,-0.369,42.64,35.32
"2021-06-14 21:00:00",933,12.01,406,0,-0.216,-0.67,-1.74,-0.06,-0.155,-0.172,-0.368,43.58,36.01
"2021-06-14 21:30:00",934,12,406,0,-0.242,-0.9,-1.78,-0.08,-0.159,-0.187,-0.368,42.9,35.74
"2021-06-14 22:00:00",935,12,406,0,-0.256,-0.96,-1.87,-0.086,-0.166,-0.192,-0.373,44.06,36.22
"2021-06-14 22:30:00",936,11.99,406,0,-0.262,-1.06,-1.83,-0.095,-0.163,-0.196,-0.371,43.61,35.77
"2021-06-14 23:00:00",937,11.99,406,0,-0.259,-1.04,-1.82,-0.093,-0.162,-0.198,-0.368,43.54,35.7
"2021-06-14 23:30:00",938,11.98,406,0,-0.266,-1.11,-1.82,-0.099,-0.162,-0.201,-0.368,43.96,35.81
"2021-06-15 00:00:00",939,11.98,406,0,-0.261,-1.07,-1.81,-0.095,-0.161,-0.197,-0.365,43.65,35.65
"2021-06-15 00:30:00",940,11.97,406,0,-0.271,-1.1,-1.89,-0.099,-0.168,-0.2,-0.368,43.6,36.02
"2021-06-15 01:00:00",941,11.97,406,0,-0.269,-1.13,-1.83,-0.101,-0.162,-0.202,-0.364,44.27,36.54
"2021-06-15 01:30:00",942,11.97,406,0,-0.244,-0.9,-1.8,-0.081,-0.16,-0.178,-0.365,43.14,36.13
"2021-06-15 02:00:00",943,11.97,406,0,-0.299,-1.42,-1.85,-0.126,-0.165,-0.224,-0.371,42.21,35.61
"2021-06-15 02:30:00",944,11.96,406,0,-0.284,-1.25,-1.87,-0.111,-0.166,-0.214,-0.374,42.65,35.9
"2021-06-15 03:00:00",945,11.96,406,0,-0.28,-1.23,-1.85,-0.11,-0.164,-0.21,-0.37,43.24,36.75
"2021-06-15 03:30:00",946,11.95,406,0,-0.295,-1.36,-1.87,-0.121,-0.167,-0.218,-0.37,44.77,36.1
"2021-06-15 04:00:00",947,11.95,406,0,-0.283,-1.22,-1.89,-0.108,-0.168,-0.212,-0.372,43.66,35.67
"2021-06-15 04:30:00",948,11.95,406,0,-0.302,-1.41,-1.9,-0.125,-0.169,-0.221,-0.371,44.52,36.1
"2021-06-15 05:00:00",949,11.95,406,0,-0.299,-1.4,-1.87,-0.125,-0.166,-0.22,-0.37,43.69,36.1
"2021-06-15 05:30:00",950,11.94,406,0,-0.295,-1.32,-1.91,-0.118,-0.17,-0.214,-0.368,43.36,36.19
"2021-06-15 06:00:00",951,11.94,406,0,-0.288,-1.31,-1.85,-0.117,-0.164,-0.214,-0.368,43.92,36.59
"2021-06-15 06:30:00",952,11.94,406,0,-0.293,-1.34,-1.87,-0.12,-0.166,-0.217,-0.366,44.27,36.26
"2021-06-15 07:00:00",953,11.93,406,0,-0.3,-1.39,-1.89,-0.124,-0.168,-0.22,-0.368,44.54,36.95
"2021-06-15 07:30:00",954,11.93,406,0,-0.286,-1.3,-1.83,-0.116,-0.163,-0.206,-0.36,45.45,37.45
"2021-06-15 08:00:00",955,11.93,406,0,-0.267,-1.13,-1.81,-0.1,-0.161,-0.194,-0.358,45.25,36.83
"2021-06-15 08:30:00",956,11.93,406,0,-0.155,-0.12,-1.66,-0.011,-0.148,-0.122,-0.355,45.03,36.62
"2021-06-15 09:00:00",957,11.93,406,0,-0.002,1.21,-1.39,0.107,-0.124,-0.016,-0.343,45.88,37.63
"2021-06-15 09:30:00",958,11.93,406,0,0.023,1.4,-1.31,0.124,-0.117,-0.007,-0.338,45.54,37.12
"2021-06-15 10:00:00",959,11.97,406,0,0.096,2.02,-1.16,0.179,-0.104,0.049,-0.33,46.88,38.32
"2021-06-15 10:30:00",960,12.02,406,0,0.144,2.46,-1.1,0.217,-0.099,0.088,-0.323,46.54,37.73
"2021-06-15 11:00:00",961,12.03,406,0,0.249,3.12,-0.64,0.276,-0.058,0.208,-0.285,54.97,40.2
"2021-06-15 11:30:00",962,12.25,406,0,0.291,3.51,-0.6,0.31,-0.054,0.229,-0.285,53.07,39.71
"2021-06-15 12:00:00",963,12.22,406,0,0.334,3.95,-0.6,0.35,-0.054,0.257,-0.285,51.72,40.02
"2021-06-15 12:30:00",964,12.16,406,0,0.342,4.01,-0.57,0.355,-0.051,0.247,-0.285,50.63,39.34
"2021-06-15 13:00:00",965,12.15,406,0,0.335,3.99,-0.63,0.354,-0.057,0.237,-0.295,49.01,38.55
"2021-06-15 13:30:00",966,12.13,406,0,0.403,4.87,-0.83,0.431,-0.074,0.256,-0.335,49.05,36.67
"2021-06-15 14:00:00",967,12.12,406,0,0.159,2.49,-0.97,0.22,-0.087,0.078,-0.322,42.31,37.23
"2021-06-15 14:30:00",968,12.08,406,0,0.314,4.01,-0.89,0.355,-0.079,0.173,-0.325,45.67,37.02
"2021-06-15 15:00:00",969,12.07,406,0,0.334,4.34,-1.03,0.384,-0.092,0.179,-0.35,43.56,36.25
"2021-06-15 15:30:00",970,12.06,406,0,0.321,4.13,-0.95,0.365,-0.085,0.236,-0.334,56.85,36.86
"2021-06-15 16:00:00",971,12.05,406,0,0.236,3.49,-1.2,0.309,-0.107,0.098,-0.352,44.76,35.54
"2021-06-15 16:30:00",972,12.04,406,0,0.134,2.51,-1.27,0.222,-0.113,0.042,-0.354,45.26,35.77
"2021-06-15 17:00:00",973,12.03,406,0,0.063,1.84,-1.34,0.163,-0.119,0.014,-0.349,44.09,36.11
"2021-06-15 17:30:00",974,12.03,406,0,-0.004,1.23,-1.43,0.109,-0.128,-0.029,-0.356,42.7,36.22
"2021-06-15 18:00:00",975,12.02,406,0,-0.019,1.08,-1.44,0.095,-0.128,-0.038,-0.356,46.03,35.97
"2021-06-15 18:30:00",976,12.01,406,0,-0.009,1.18,-1.44,0.104,-0.128,-0.034,-0.352,44.22,36.08
"2021-06-15 19:00:00",977,12.01,406,0,-0.04,0.93,-1.51,0.082,-0.135,-0.058,-0.359,43.47,36.32
"2021-06-15 19:30:00",978,12.01,406,0,-0.08,0.57,-1.57,0.05,-0.14,-0.083,-0.359,43.91,36.34
"2021-06-15 20:00:00",979,12,406,0,-0.126,0.14,-1.61,0.012,-0.144,-0.113,-0.364,44.17,36.18
"2021-06-15 20:30:00",980,11.99,406,0,-0.18,-0.33,-1.71,-0.03,-0.152,-0.151,-0.367,43.88,35.63
"2021-06-15 21:00:00",981,11.99,406,0,-0.216,-0.63,-1.78,-0.057,-0.159,-0.17,-0.367,43.69,36.11
"2021-06-15 21:30:00",982,11.98,406,0,-0.231,-0.79,-1.78,-0.071,-0.158,-0.177,-0.368,43.32,36.01
"2021-06-15 22:00:00",983,11.98,406,0,-0.242,-0.87,-1.81,-0.078,-0.161,-0.188,-0.37,42.87,35.55
"2021-06-15 22:30:00",984,11.97,406,0,-0.247,-0.92,-1.81,-0.082,-0.161,-0.192,-0.368,43.44,36.27
"2021-06-15 23:00:00",985,11.97,406,0,-0.254,-0.95,-1.86,-0.085,-0.165,-0.194,-0.372,44.01,36.43
"2021-06-15 23:30:00",986,11.96,406,0,-0.252,-0.97,-1.81,-0.087,-0.161,-0.188,-0.367,43.29,36.39
"2021-06-16 00:00:00",987,11.95,406,0,-0.255,-1.01,-1.8,-0.09,-0.161,-0.191,-0.367,44.18,36.02
"2021-06-16 00:30:00",988,11.95,406,0,-0.25,-0.96,-1.8,-0.086,-0.16,-0.189,-0.368,45.4,36.31
"2021-06-16 01:00:00",989,11.95,406,0,-0.258,-1.03,-1.82,-0.092,-0.162,-0.195,-0.367,44.87,36.45
"2021-06-16 01:30:00",990,11.94,406,0,-0.255,-1.02,-1.79,-0.091,-0.159,-0.189,-0.363,44.28,36.28
"2021-06-16 02:00:00",991,11.94,406,0,-0.257,-1.03,-1.81,-0.092,-0.161,-0.193,-0.363,45.33,36.5
"2021-06-16 02:30:00",992,11.94,406,0,-0.251,-0.96,-1.81,-0.086,-0.161,-0.189,-0.363,44.39,36.65
"2021-06-16 03:00:00",993,11.93,406,0,-0.26,-1.04,-1.83,-0.093,-0.162,-0.194,-0.366,43.23,36.07
"2021-06-16 03:30:00",994,11.93,406,0,-0.263,-1.1,-1.8,-0.098,-0.16,-0.198,-0.368,43.14,36.38
"2021-06-16 04:00:00",995,11.93,406,0,-0.253,-0.97,-1.83,-0.087,-0.162,-0.186,-0.368,43.92,35.77
"2021-06-16 04:30:00",996,11.93,406,0,-0.257,-1.01,-1.83,-0.09,-0.162,-0.19,-0.368,43.66,37.17
"2021-06-16 05:00:00",997,11.93,406,0,-0.261,-1.05,-1.83,-0.094,-0.163,-0.192,-0.367,43.36,36.2
"2021-06-16 05:30:00",998,11.93,406,0,-0.268,-1.12,-1.83,-0.1,-0.163,-0.197,-0.367,44.62,36.62
"2021-06-16 06:00:00",999,11.92,406,0,-0.24,-0.82,-1.84,-0.073,-0.164,-0.181,-0.368,43.59,36.27
"2021-06-16 06:30:00",1000,11.92,406,0,-0.217,-0.66,-1.76,-0.06,-0.156,-0.16,-0.364,45.1,36.68
"2021-06-16 07:00:00",1001,11.92,406,0,-0.139,0.03,-1.64,0.003,-0.146,-0.112,-0.358,44.83,36.98
"2021-06-16 07:30:00",1002,11.92,406,0,-0.02,1.05,-1.42,0.093,-0.127,-0.034,-0.351,44.21,36.62
"2021-06-16 08:00:00",1003,11.91,406,0,0.096,2.08,-1.23,0.184,-0.11,0.05,-0.335,46.34,37.51
"2021-06-16 08:30:00",1004,11.91,406,0,0.17,2.72,-1.1,0.241,-0.098,0.095,-0.329,46.58,36.92
"2021-06-16 09:00:00",1005,11.91,406,0,0.242,3.33,-0.96,0.295,-0.086,0.145,-0.325,47.61,37.8
"2021-06-16 09:30:00",1006,11.91,406,0,0.307,3.91,-0.86,0.346,-0.077,0.188,-0.321,47.55,37.73
"2021-06-16 10:00:00",1007,11.97,406,0,0.367,4.44,-0.76,0.393,-0.069,0.275,-0.309,55.28,37.47
"2021-06-16 10:30:00",1008,12.06,406,0,0.34,4.21,-0.82,0.372,-0.074,0.21,-0.307,45.93,39.04
"2021-06-16 11:00:00",1009,12.1,406,0,0.303,3.65,-0.61,0.323,-0.055,0.207,-0.297,46.31,38.33
"2021-06-16 11:30:00",1010,12.09,406,0,0.296,3.49,-0.52,0.309,-0.047,0.242,-0.275,49.09,40.54
"2021-06-16 12:00:00",1011,12.2,406,0,0.336,3.96,-0.58,0.351,-0.052,0.259,-0.28,52.1,40.4
"2021-06-16 12:30:00",1012,12.1,406,0,0.112,2.15,-1.12,0.19,-0.1,0.051,-0.32,40.75,37.59
"2021-06-16 13:00:00",1013,12.1,406,0,0.091,1.73,-0.89,0.153,-0.08,0.05,-0.308,43.92,38.18
"2021-06-16 13:30:00",1014,12.11,406,0,0.421,5.06,-0.84,0.448,-0.076,0.253,-0.331,49.73,36.94
"2021-06-16 14:00:00",1015,12.09,406,0,0.128,2.05,-0.83,0.182,-0.075,0.093,-0.304,44.61,37.31
"2021-06-16 14:30:00",1016,12.07,406,0,0.256,3.59,-1.09,0.318,-0.098,0.091,-0.34,41.73,36.81
"2021-06-16 15:00:00",1017,12.05,406,0,0.289,3.97,-1.13,0.352,-0.101,0.129,-0.354,43.38,35.82
"2021-06-16 15:30:00",1018,12.04,406,0,0.298,4.04,-1.11,0.358,-0.099,0.173,-0.344,48.47,35.94
"2021-06-16 16:00:00",1019,12.03,406,0,0.187,3.03,-1.25,0.268,-0.112,0.073,-0.355,42.51,35.52
"2021-06-16 16:30:00",1020,12.02,406,0,0.115,2.36,-1.32,0.209,-0.117,0.035,-0.357,42.72,35.99
"2021-06-16 17:00:00",1021,12.01,406,0,0.029,1.56,-1.41,0.138,-0.126,-0.007,-0.354,44.35,35.95
"2021-06-16 17:30:00",1022,12.01,406,0,-0.038,0.92,-1.48,0.081,-0.132,-0.051,-0.358,44.96,36.41
"2021-06-16 18:00:00",1023,12,406,0,-0.053,0.77,-1.48,0.068,-0.132,-0.066,-0.357,45.33,35.69
"2021-06-16 18:30:00",1024,12,406,0,-0.041,0.9,-1.49,0.08,-0.133,-0.061,-0.357,45,35.92
"2021-06-16 19:00:00",1025,11.99,406,0,-0.065,0.74,-1.58,0.065,-0.141,-0.076,-0.359,44.08,35.68
"2021-06-16 19:30:00",1026,11.99,406,0,-0.098,0.41,-1.59,0.036,-0.142,-0.094,-0.362,43.77,35.94
"2021-06-16 20:00:00",1027,11.98,406,0,-0.14,0.07,-1.69,0.006,-0.151,-0.122,-0.37,43.93,35.68
"2021-06-16 20:30:00",1028,11.98,406,0,-0.184,-0.34,-1.74,-0.031,-0.155,-0.158,-0.371,42.59,36
"2021-06-16 21:00:00",1029,11.97,406,0,-0.222,-0.69,-1.78,-0.062,-0.158,-0.176,-0.376,42.41,35.25
"2021-06-16 21:30:00",1030,11.96,406,0,-0.237,-0.8,-1.83,-0.071,-0.163,-0.182,-0.374,43.94,35.1
"2021-06-16 22:00:00",1031,11.96,406,0,-0.241,-0.81,-1.87,-0.073,-0.166,-0.179,-0.374,43.63,36.46
"2021-06-16 22:30:00",1032,11.95,406,0,-0.241,-0.89,-1.78,-0.08,-0.158,-0.185,-0.368,42.99,36.08
"2021-06-16 23:00:00",1033,11.95,406,0,-0.243,-0.94,-1.75,-0.084,-0.156,-0.189,-0.364,43.65,36.33
"2021-06-16 23:30:00",1034,11.94,406,0,-0.274,-1.15,-1.87,-0.103,-0.166,-0.202,-0.372,43.36,36.35
"2021-06-17 00:00:00",1035,11.93,406,0,-0.262,-1.01,-1.89,-0.091,-0.168,-0.2,-0.372,43.38,36.47
"2021-06-17 00:30:00",1036,11.93,406,0,-0.272,-1.16,-1.83,-0.103,-0.163,-0.206,-0.373,42.87,36.53
"2021-06-17 01:00:00",1037,11.93,406,0,-0.276,-1.18,-1.86,-0.106,-0.165,-0.211,-0.373,43.25,36.49
"2021-06-17 01:30:00",1038,11.92,406,0,-0.283,-1.23,-1.88,-0.11,-0.167,-0.209,-0.373,43.62,35.45
"2021-06-17 02:00:00",1039,11.92,406,0,-0.264,-1.03,-1.89,-0.092,-0.168,-0.195,-0.37,43.18,36.68
"2021-06-17 02:30:00",1040,11.92,406,0,-0.285,-1.23,-1.9,-0.11,-0.169,-0.212,-0.372,43.4,35.96
"2021-06-17 03:00:00",1041,11.91,406,0,-0.282,-1.21,-1.89,-0.108,-0.168,-0.207,-0.37,43.86,36.68
"2021-06-17 03:30:00",1042,11.91,406,0,-0.288,-1.28,-1.88,-0.114,-0.167,-0.213,-0.367,44.65,36.23
"2021-06-17 04:00:00",1043,11.91,406,0,-0.289,-1.27,-1.9,-0.113,-0.169,-0.212,-0.371,44.84,37.25
"2021-06-17 04:30:00",1044,11.9,406,0,-0.28,-1.2,-1.88,-0.108,-0.168,-0.207,-0.367,43.61,36.59
"2021-06-17 05:00:00",1045,11.9,406,0,-0.28,-1.2,-1.88,-0.107,-0.168,-0.204,-0.367,44.19,36.86
"2021-06-17 05:30:00",1046,11.9,406,0,-0.28,-1.2,-1.88,-0.107,-0.168,-0.204,-0.369,44.28,36.69
"2021-06-17 06:00:00",1047,11.89,406,0,-0.253,-0.94,-1.86,-0.084,-0.166,-0.19,-0.366,44.29,37.12
"2021-06-17 06:30:00",1048,11.89,406,0,-0.213,-0.61,-1.77,-0.055,-0.158,-0.165,-0.365,44.29,36.96
"2021-06-17 07:00:00",1049,11.89,406,0,-0.162,-0.18,-1.67,-0.017,-0.149,-0.128,-0.359,45.49,36.23
"2021-06-17 07:30:00",1050,11.89,406,0,-0.043,0.85,-1.46,0.075,-0.13,-0.046,-0.347,46.2,37.37
"2021-06-17 08:00:00",1051,11.89,406,0,0.089,1.96,-1.17,0.173,-0.104,0.045,-0.332,47.03,37.78
"2021-06-17 08:30:00",1052,11.89,406,0,0.164,2.65,-1.09,0.235,-0.098,0.087,-0.328,45.92,37.66
"2021-06-17 09:00:00",1053,11.88,406,0,0.206,3.01,-1.01,0.267,-0.09,0.128,-0.325,47.09,38
"2021-06-17 09:30:00",1054,11.89,406,0,0.296,3.8,-0.86,0.336,-0.077,0.185,-0.316,46.85,38.03
"2021-06-17 10:00:00",1055,11.95,406,0,0.36,4.26,-0.64,0.377,-0.057,0.3,-0.297,61.18,38.81
"2021-06-17 10:30:00",1056,11.99,406,0,0.282,3.52,-0.71,0.311,-0.063,0.218,-0.288,53.77,39.83
"2021-06-17 11:00:00",1057,12.21,406,0,0.315,3.68,-0.51,0.325,-0.046,0.271,-0.27,61.08,40.94
"2021-06-17 11:30:00",1058,12.28,406,0,0.315,3.79,-0.63,0.335,-0.056,0.239,-0.279,49.65,40.29
"2021-06-17 12:00:00",1059,12.2,406,0,0.308,3.72,-0.64,0.329,-0.057,0.237,-0.282,51.99,39.72
"2021-06-17 12:30:00",1060,12.13,406,0,0.309,3.76,-0.67,0.333,-0.061,0.229,-0.289,48.51,39.45
"2021-06-17 13:00:00",1061,12.13,406,0,0.324,3.91,-0.66,0.346,-0.059,0.229,-0.297,48.24,39.18
"2021-06-17 13:30:00",1062,12.1,406,0,0.469,5.44,-0.71,0.481,-0.064,0.287,-0.334,50.55,35.94
"2021-06-17 14:00:00",1063,12.1,406,0,0.229,3.03,-0.77,0.268,-0.069,0.174,-0.301,47.57,38.19
"2021-06-17 14:30:00",1064,12.06,406,0,0.248,3.42,-0.99,0.303,-0.089,0.125,-0.326,43.49,37.43
"2021-06-17 15:00:00",1065,12.04,406,0,0.295,4.02,-1.12,0.356,-0.1,0.131,-0.354,43.21,36.06
"2021-06-17 15:30:00",1066,12.03,406,0,0.292,3.88,-1,0.343,-0.089,0.2,-0.34,51.06,36.85
"2021-06-17 16:00:00",1067,12.02,406,0,0.21,3.25,-1.23,0.288,-0.11,0.077,-0.355,42.92,35.51
"2021-06-17 16:30:00",1068,12.01,406,0,0.094,2.19,-1.37,0.194,-0.122,0.028,-0.358,42.33,35.43
"2021-06-17 17:00:00",1069,12.01,406,0,0.029,1.56,-1.42,0.138,-0.127,-0.01,-0.36,44.78,35.29
"2021-06-17 17:30:00",1070,12,406,0,-0.023,1.06,-1.46,0.094,-0.13,-0.049,-0.352,43.68,36.69
"2021-06-17 18:00:00",1071,12,406,0,-0.053,0.84,-1.56,0.074,-0.139,-0.064,-0.363,44.72,35.49
"2021-06-17 18:30:00",1072,11.99,406,0,-0.043,0.86,-1.47,0.076,-0.131,-0.061,-0.357,45.06,35.98
"2021-06-17 19:00:00",1073,11.99,406,0,-0.072,0.63,-1.54,0.055,-0.137,-0.073,-0.358,45.26,36.86
"2021-06-17 19:30:00",1074,11.98,406,0,-0.098,0.4,-1.58,0.036,-0.141,-0.101,-0.36,44.08,36.09
"2021-06-17 20:00:00",1075,11.98,406,0,-0.138,0.04,-1.64,0.003,-0.146,-0.123,-0.365,43.85,36.27
"2021-06-17 20:30:00",1076,11.97,406,0,-0.196,-0.42,-1.79,-0.038,-0.159,-0.163,-0.374,42.37,36.03
"2021-06-17 21:00:00",1077,11.97,406,0,-0.232,-0.79,-1.79,-0.071,-0.159,-0.186,-0.375,43.37,35.79
"2021-06-17 21:30:00",1078,11.96,406,0,-0.258,-0.96,-1.89,-0.086,-0.168,-0.197,-0.376,43.39,36.06
"2021-06-17 22:00:00",1079,11.96,406,0,-0.269,-1.09,-1.87,-0.097,-0.167,-0.197,-0.374,43.95,35.95
"2021-06-17 22:30:00",1080,11.95,406,0,-0.268,-1.07,-1.89,-0.096,-0.169,-0.201,-0.372,44.22,35.65
"2021-06-17 23:00:00",1081,11.94,406,0,-0.276,-1.13,-1.91,-0.101,-0.17,-0.206,-0.372,42.99,35.81
"2021-06-17 23:30:00",1082,11.94,406,0,-0.275,-1.16,-1.87,-0.104,-0.166,-0.208,-0.373,43.51,36.59
"2021-06-18 00:00:00",1083,11.94,406,0,-0.282,-1.23,-1.87,-0.11,-0.166,-0.212,-0.372,43.45,36.28
"2021-06-18 00:30:00",1084,11.93,406,0,-0.28,-1.22,-1.86,-0.109,-0.166,-0.208,-0.371,43.55,35.96
"2021-06-18 01:00:00",1085,11.93,406,0,-0.286,-1.22,-1.92,-0.109,-0.171,-0.21,-0.372,43.71,36.12
"2021-06-18 01:30:00",1086,11.92,406,0,-0.286,-1.25,-1.89,-0.112,-0.168,-0.215,-0.372,44.38,35.8
"2021-06-18 02:00:00",1087,11.92,406,0,-0.287,-1.27,-1.88,-0.114,-0.167,-0.212,-0.369,44.4,36.39
"2021-06-18 02:30:00",1088,11.91,406,0,-0.286,-1.24,-1.9,-0.111,-0.169,-0.21,-0.37,43.62,36.6
"2021-06-18 03:00:00",1089,11.91,406,0,-0.292,-1.28,-1.93,-0.114,-0.172,-0.21,-0.372,43.61,36.59
"2021-06-18 03:30:00",1090,11.9,406,0,-0.302,-1.38,-1.93,-0.123,-0.172,-0.218,-0.372,44.09,36.08
"2021-06-18 04:00:00",1091,11.9,406,0,-0.29,-1.28,-1.9,-0.114,-0.169,-0.213,-0.368,43.98,36.39
"2021-06-18 04:30:00",1092,11.9,406,0,-0.294,-1.32,-1.9,-0.117,-0.169,-0.213,-0.369,44.33,36.16
"2021-06-18 05:00:00",1093,11.89,406,0,-0.287,-1.25,-1.9,-0.111,-0.169,-0.208,-0.367,44.39,36.94
"2021-06-18 05:30:00",1094,11.89,406,0,-0.281,-1.22,-1.87,-0.108,-0.166,-0.209,-0.371,44.88,37.28
"2021-06-18 06:00:00",1095,11.89,406,0,-0.26,-1.01,-1.86,-0.09,-0.166,-0.193,-0.365,43.86,36.68
"2021-06-18 06:30:00",1096,11.89,406,0,-0.216,-0.64,-1.77,-0.057,-0.157,-0.161,-0.364,44.56,36.81
"2021-06-18 07:00:00",1097,11.88,406,0,-0.14,-0.02,-1.59,-0.003,-0.141,-0.111,-0.355,44.99,36.72
"2021-06-18 07:30:00",1098,11.88,406,0,-0.047,0.8,-1.45,0.071,-0.129,-0.048,-0.343,46.42,37.43
"2021-06-18 08:00:00",1099,11.88,406,0,0.09,2.01,-1.22,0.178,-0.109,0.055,-0.326,47.82,38.3
"2021-06-18 08:30:00",1100,11.88,406,0,0.184,2.81,-1.04,0.249,-0.093,0.116,-0.322,48.59,37.93
"2021-06-18 09:00:00",1101,11.88,406,0,0.202,2.96,-1,0.262,-0.09,0.132,-0.318,47.2,38.95
"2021-06-18 09:30:00",1102,11.88,406,0,0.264,3.5,-0.89,0.31,-0.079,0.17,-0.314,48.26,38.03
"2021-06-18 10:00:00",1103,11.93,406,0,0.336,3.96,-0.58,0.351,-0.052,0.28,-0.29,55.23,40.44
"2021-06-18 10:30:00",1104,11.97,406,0,0.292,3.49,-0.56,0.309,-0.05,0.235,-0.278,51.96,41.08
"2021-06-18 11:00:00",1105,12.18,406,0,0.309,3.71,-0.61,0.329,-0.055,0.25,-0.279,56.62,40.78
"2021-06-18 11:30:00",1106,12.25,406,0,0.329,3.93,-0.63,0.348,-0.057,0.25,-0.28,51.52,40.65
"2021-06-18 12:00:00",1107,12.12,406,0,0.319,3.85,-0.65,0.341,-0.059,0.239,-0.285,50.62,40.58
"2021-06-18 12:30:00",1108,12.12,406,0,0.309,3.79,-0.7,0.335,-0.062,0.211,-0.294,49.12,39.08
"2021-06-18 13:00:00",1109,12.11,406,0,0.33,3.94,-0.63,0.348,-0.056,0.239,-0.301,52.9,38.31
"2021-06-18 13:30:00",1110,12.08,406,0,0.417,5,-0.82,0.443,-0.073,0.238,-0.332,45.15,36.19
"2021-06-18 14:00:00",1111,12.07,406,0,0.217,2.91,-0.77,0.257,-0.069,0.149,-0.301,46.43,38.05
"2021-06-18 14:30:00",1112,12.04,406,0,0.293,3.87,-0.97,0.343,-0.087,0.155,-0.33,43.72,36.32
"2021-06-18 15:00:00",1113,12.03,406,0,0.284,3.87,-1.08,0.343,-0.097,0.15,-0.346,45.13,35.92
"2021-06-18 15:30:00",1114,12.02,406,0,0.229,3.34,-1.11,0.295,-0.099,0.118,-0.343,45.04,35.98
"2021-06-18 16:00:00",1115,12.01,406,0,0.18,2.94,-1.23,0.26,-0.11,0.058,-0.351,43.01,35.87
"2021-06-18 16:30:00",1116,12,406,0,0.138,2.48,-1.19,0.22,-0.107,0.063,-0.348,44.26,36.44
"2021-06-18 17:00:00",1117,11.99,406,0,0.032,1.57,-1.39,0.139,-0.124,-0.007,-0.351,45.47,36.25
"2021-06-18 17:30:00",1118,11.99,406,0,-0.03,1.04,-1.52,0.092,-0.135,-0.046,-0.356,45.36,36.71
"2021-06-18 18:00:00",1119,11.98,406,0,-0.04,0.89,-1.47,0.078,-0.131,-0.056,-0.355,46.97,36.5
"2021-06-18 18:30:00",1120,11.98,406,0,-0.025,1.04,-1.46,0.092,-0.13,-0.038,-0.352,46.21,36.15
"2021-06-18 19:00:00",1121,11.98,406,0,-0.086,0.51,-1.57,0.045,-0.14,-0.084,-0.361,44.47,35.66
"2021-06-18 19:30:00",1122,11.97,406,0,-0.134,0.07,-1.63,0.006,-0.145,-0.117,-0.365,43.77,35.78
"2021-06-18 20:00:00",1123,11.97,406,0,-0.16,-0.16,-1.67,-0.015,-0.149,-0.144,-0.366,42.69,35.94
"2021-06-18 20:30:00",1124,11.96,406,0,-0.207,-0.55,-1.77,-0.049,-0.158,-0.169,-0.374,44.26,35.59
"2021-06-18 21:00:00",1125,11.95,406,0,-0.234,-0.78,-1.82,-0.07,-0.162,-0.183,-0.37,43.84,35.69
"2021-06-18 21:30:00",1126,11.95,406,0,-0.254,-0.99,-1.82,-0.089,-0.162,-0.186,-0.369,42.97,35.8
"2021-06-18 22:00:00",1127,11.95,406,0,-0.252,-0.97,-1.82,-0.087,-0.162,-0.184,-0.369,45.22,35.97
"2021-06-18 22:30:00",1128,11.94,406,0,-0.252,-1.03,-1.75,-0.092,-0.156,-0.191,-0.365,45.24,36.26
"2021-06-18 23:00:00",1129,11.94,406,0,-0.261,-1.09,-1.78,-0.098,-0.158,-0.196,-0.365,43.52,35.79
"2021-06-18 23:30:00",1130,11.93,406,0,-0.263,-1.07,-1.83,-0.096,-0.163,-0.195,-0.367,44.25,36.26
"2021-06-19 00:00:00",1131,11.93,406,0,-0.257,-1.03,-1.8,-0.092,-0.16,-0.193,-0.363,44.77,36.36
"2021-06-19 00:30:00",1132,11.92,406,0,-0.263,-1.05,-1.85,-0.094,-0.164,-0.19,-0.365,45.83,36.59
"2021-06-19 01:00:00",1133,11.92,406,0,-0.252,-0.96,-1.82,-0.086,-0.162,-0.183,-0.363,44.32,36.32
"2021-06-19 01:30:00",1134,11.91,406,0,-0.258,-1.02,-1.83,-0.091,-0.163,-0.192,-0.364,48.46,36.47
"2021-06-19 02:00:00",1135,11.91,406,0,-0.246,-0.97,-1.74,-0.087,-0.155,-0.19,-0.362,46.5,36.43
"2021-06-19 02:30:00",1136,11.91,406,0,-0.258,-1.03,-1.82,-0.092,-0.162,-0.186,-0.364,46.14,36.9
"2021-06-19 03:00:00",1137,11.9,406,0,-0.251,-0.97,-1.8,-0.087,-0.16,-0.187,-0.362,44.48,36.48
"2021-06-19 03:30:00",1138,11.9,406,0,-0.256,-1.04,-1.78,-0.093,-0.158,-0.193,-0.365,42.94,36.76
"2021-06-19 04:00:00",1139,11.9,406,0,-0.258,-1.04,-1.8,-0.093,-0.16,-0.187,-0.364,41.93,36.43
"2021-06-19 04:30:00",1140,11.9,406,0,-0.252,-1.04,-1.74,-0.093,-0.155,-0.19,-0.362,45.46,36.22
"2021-06-19 05:00:00",1141,11.9,406,0,-0.26,-1.01,-1.86,-0.09,-0.165,-0.19,-0.365,44.87,36.47
"2021-06-19 05:30:00",1142,11.89,406,0,-0.25,-1.01,-1.75,-0.09,-0.156,-0.188,-0.363,44.83,36.01
"2021-06-19 06:00:00",1143,11.89,406,0,-0.215,-0.65,-1.75,-0.058,-0.156,-0.161,-0.362,44.99,36.17
"2021-06-19 06:30:00",1144,11.89,406,0,-0.177,-0.34,-1.66,-0.031,-0.147,-0.137,-0.359,44.36,36.78
"2021-06-19 07:00:00",1145,11.89,406,0,-0.135,0.03,-1.59,0.003,-0.142,-0.105,-0.357,44.78,36.37
"2021-06-19 07:30:00",1146,11.88,406,0,-0.024,1.01,-1.42,0.089,-0.126,-0.031,-0.349,44.62,37.04
"2021-06-19 08:00:00",1147,11.88,406,0,0.068,1.81,-1.25,0.16,-0.111,0.024,-0.34,46.69,37.04
"2021-06-19 08:30:00",1148,11.88,406,0,0.167,2.69,-1.1,0.238,-0.098,0.099,-0.329,46.36,37.54
"2021-06-19 09:00:00",1149,11.88,406,0,0.22,3.13,-0.98,0.277,-0.088,0.14,-0.325,47.73,37.41
"2021-06-19 09:30:00",1150,11.88,406,0,0.296,3.75,-0.81,0.332,-0.073,0.186,-0.316,48.17,38.1
"2021-06-19 10:00:00",1151,11.91,406,0,0.308,3.92,-0.86,0.347,-0.077,0.221,-0.315,53.44,37.99
"2021-06-19 10:30:00",1152,11.96,406,0,0.281,3.53,-0.73,0.313,-0.065,0.205,-0.301,48.62,38.99
"2021-06-19 11:00:00",1153,11.92,406,0,0.19,2.93,-1.1,0.259,-0.098,0.086,-0.335,45.06,36.67
"2021-06-19 11:30:00",1154,11.91,406,0,0.108,2.19,-1.21,0.194,-0.108,0.041,-0.341,46.98,37.19
"2021-06-19 12:00:00",1155,11.89,406,0,0.04,1.6,-1.33,0.142,-0.119,0,-0.345,45.87,36.65
"2021-06-19 12:30:00",1156,11.89,406,0,0.081,1.92,-1.22,0.17,-0.109,0.04,-0.339,47.73,36.85
"2021-06-19 13:00:00",1157,11.89,406,0,0.068,1.81,-1.25,0.161,-0.111,0.029,-0.337,46.37,37.3
"2021-06-19 13:30:00",1158,11.9,406,0,0.209,2.97,-0.93,0.263,-0.084,0.139,-0.315,50.09,37.96
"2021-06-19 14:00:00",1159,11.91,406,0,0.186,2.64,-0.82,0.233,-0.074,0.129,-0.3,46.36,39.37
"2021-06-19 14:30:00",1160,11.89,406,0,0.276,3.51,-0.77,0.311,-0.069,0.163,-0.304,43.91,37.86
"2021-06-19 15:00:00",1161,11.89,406,0,0.381,4.68,-0.87,0.414,-0.078,0.218,-0.329,44.11,36.96
"2021-06-19 15:30:00",1162,11.88,406,0,0.199,3.05,-1.13,0.27,-0.101,0.09,-0.344,43.92,36.35
"2021-06-19 16:00:00",1163,11.88,406,0,0.258,3.53,-1,0.312,-0.089,0.147,-0.33,45.58,36.35
"2021-06-19 16:30:00",1164,11.88,406,0,0.192,2.93,-1.08,0.26,-0.097,0.1,-0.336,45.21,36.81
"2021-06-19 17:00:00",1165,11.88,406,0,0.14,2.51,-1.21,0.222,-0.108,0.061,-0.343,45.35,36.13
"2021-06-19 17:30:00",1166,11.87,406,0,0.092,2.04,-1.23,0.181,-0.11,0.036,-0.342,45.71,36.08
"2021-06-19 18:00:00",1167,11.87,406,0,0.044,1.63,-1.32,0.144,-0.118,0.002,-0.349,44.54,36.56
"2021-06-19 18:30:00",1168,11.87,406,0,0.005,1.32,-1.42,0.117,-0.126,-0.033,-0.355,44.64,36.1
"2021-06-19 19:00:00",1169,11.87,406,0,-0.072,0.62,-1.53,0.055,-0.137,-0.078,-0.36,44.08,35.43
"2021-06-19 19:30:00",1170,11.87,406,0,-0.136,0.1,-1.68,0.009,-0.149,-0.116,-0.365,43.79,36.07
"2021-06-19 20:00:00",1171,11.87,406,0,-0.166,-0.23,-1.66,-0.021,-0.148,-0.139,-0.365,43.75,35.5
"2021-06-19 20:30:00",1172,11.86,406,0,-0.204,-0.51,-1.78,-0.046,-0.158,-0.16,-0.37,43.49,35.51
"2021-06-19 21:00:00",1173,11.86,406,0,-0.229,-0.75,-1.8,-0.067,-0.16,-0.178,-0.367,43.2,35.78
"2021-06-19 21:30:00",1174,11.86,406,0,-0.233,-0.81,-1.78,-0.072,-0.159,-0.174,-0.367,43.45,35.46
"2021-06-19 22:00:00",1175,11.86,406,0,-0.245,-0.9,-1.81,-0.081,-0.161,-0.189,-0.367,43.6,35.87
"2021-06-19 22:30:00",1176,11.85,406,0,-0.247,-0.9,-1.83,-0.08,-0.163,-0.186,-0.37,44.09,36.26
"2021-06-19 23:00:00",1177,11.85,406,0,-0.252,-0.96,-1.82,-0.086,-0.162,-0.186,-0.37,43.62,35.89
"2021-06-19 23:30:00",1178,11.85,406,0,-0.276,-1.17,-1.86,-0.105,-0.166,-0.202,-0.367,43.01,35.43
"2021-06-20 00:00:00",1179,11.84,406,0,-0.261,-1.04,-1.84,-0.093,-0.163,-0.197,-0.369,44.28,36.29
"2021-06-20 00:30:00",1180,11.84,406,0,-0.272,-1.18,-1.81,-0.106,-0.161,-0.206,-0.372,44.35,35.94
"2021-06-20 01:00:00",1181,11.84,406,0,-0.278,-1.2,-1.85,-0.107,-0.165,-0.206,-0.373,43.79,36.63
"2021-06-20 01:30:00",1182,11.84,406,0,-0.271,-1.12,-1.87,-0.1,-0.166,-0.198,-0.371,43.96,36.38
"2021-06-20 02:00:00",1183,11.84,406,0,-0.273,-1.16,-1.84,-0.104,-0.164,-0.203,-0.37,44.38,35.97
"2021-06-20 02:30:00",1184,11.83,406,0,-0.282,-1.23,-1.87,-0.11,-0.166,-0.206,-0.368,44.46,35.64
"2021-06-20 03:00:00",1185,11.83,406,0,-0.273,-1.16,-1.84,-0.104,-0.164,-0.204,-0.37,43.77,36.76
"2021-06-20 03:30:00",1186,11.83,406,0,-0.278,-1.19,-1.87,-0.107,-0.166,-0.207,-0.372,44.02,36.28
"2021-06-20 04:00:00",1187,11.83,406,0,-0.274,-1.17,-1.84,-0.104,-0.164,-0.205,-0.366,43.61,36.85
"2021-06-20 04:30:00",1188,11.83,406,0,-0.27,-1.13,-1.84,-0.101,-0.164,-0.202,-0.37,44.58,36.17
"2021-06-20 05:00:00",1189,11.82,406,0,-0.266,-1.11,-1.82,-0.099,-0.162,-0.2,-0.369,43.86,37.11
"2021-06-20 05:30:00",1190,11.82,406,0,-0.265,-1.1,-1.82,-0.098,-0.162,-0.198,-0.37,44.38,36.65
"2021-06-20 06:00:00",1191,11.82,406,0,-0.252,-0.96,-1.82,-0.086,-0.162,-0.187,-0.369,44.92,37.18
"2021-06-20 06:30:00",1192,11.82,406,0,-0.215,-0.64,-1.76,-0.057,-0.157,-0.161,-0.362,46.09,37
"2021-06-20 07:00:00",1193,11.81,406,0,-0.155,-0.15,-1.62,-0.014,-0.144,-0.117,-0.354,46.56,37.31
"2021-06-20 07:30:00",1194,11.81,406,0,-0.124,0.13,-1.58,0.011,-0.141,-0.098,-0.349,46.7,37.72
"2021-06-20 08:00:00",1195,11.81,406,0,-0.074,0.57,-1.5,0.051,-0.134,-0.063,-0.348,45.32,37.06
"2021-06-20 08:30:00",1196,11.81,406,0,-0.024,0.98,-1.39,0.087,-0.124,-0.032,-0.341,46.89,36.83
"2021-06-20 09:00:00",1197,11.81,406,0,0.041,1.58,-1.3,0.14,-0.116,0.017,-0.342,46.83,37.18
"2021-06-20 09:30:00",1198,11.81,406,0,0.079,1.9,-1.22,0.168,-0.109,0.041,-0.336,47.12,37.47
"2021-06-20 10:00:00",1199,11.81,406,0,0.115,2.19,-1.14,0.193,-0.102,0.06,-0.334,47.07,37.58
"2021-06-20 10:30:00",1200,11.82,406,0,0.111,2.21,-1.2,0.196,-0.107,0.056,-0.338,47.95,37.74
"2021-06-20 11:00:00",1201,11.82,406,0,0.12,2.31,-1.21,0.205,-0.108,0.066,-0.338,46.02,37.62
"2021-06-20 11:30:00",1202,11.82,406,0,0.208,2.78,-0.73,0.246,-0.065,0.192,-0.291,63.15,40.09
"2021-06-20 12:00:00",1203,11.92,406,0,0.297,3.6,-0.63,0.319,-0.057,0.224,-0.284,52.13,39.76
"2021-06-20 12:30:00",1204,11.91,406,0,0.3,3.71,-0.71,0.328,-0.064,0.216,-0.292,48.84,38.97
"2021-06-20 13:00:00",1205,11.93,406,0,0.359,4.25,-0.64,0.376,-0.058,0.245,-0.305,49.37,37.69
"2021-06-20 13:30:00",1206,11.91,406,0,0.477,5.52,-0.71,0.489,-0.064,0.29,-0.326,48.06,36.78
"2021-06-20 14:00:00",1207,11.9,406,0,0.312,3.77,-0.64,0.333,-0.057,0.214,-0.303,45.75,38.46
"2021-06-20 14:30:00",1208,11.88,406,0,0.306,3.93,-0.89,0.348,-0.079,0.175,-0.326,43.51,36.78
"2021-06-20 15:00:00",1209,11.87,406,0,0.301,3.95,-0.97,0.349,-0.086,0.156,-0.341,45.18,36.12
"2021-06-20 15:30:00",1210,11.86,406,0,0.264,3.59,-0.99,0.318,-0.089,0.137,-0.337,44.5,36.94
"2021-06-20 16:00:00",1211,11.86,406,0,0.232,3.35,-1.09,0.296,-0.097,0.098,-0.346,43.84,35.61
"2021-06-20 16:30:00",1212,11.85,406,0,0.135,2.44,-1.19,0.216,-0.106,0.056,-0.348,43.84,35.87
"2021-06-20 17:00:00",1213,11.84,406,0,0.041,1.62,-1.34,0.144,-0.12,-0.005,-0.353,43.75,36.03
"2021-06-20 17:30:00",1214,11.83,406,0,0,1.27,-1.42,0.112,-0.127,-0.041,-0.364,43.41,35.43
"2021-06-20 18:00:00",1215,11.83,406,0,-0.056,0.76,-1.5,0.067,-0.134,-0.063,-0.362,43.4,35.68
"2021-06-20 18:30:00",1216,11.83,406,0,-0.067,0.67,-1.53,0.059,-0.137,-0.079,-0.363,46.43,35.96
"2021-06-20 19:00:00",1217,11.83,406,0,-0.107,0.31,-1.58,0.027,-0.141,-0.096,-0.363,43.84,36.28
"2021-06-20 19:30:00",1218,11.82,406,0,-0.145,0,-1.67,0,-0.149,-0.121,-0.366,45.86,36.22
"2021-06-20 20:00:00",1219,11.82,406,0,-0.165,-0.2,-1.68,-0.019,-0.149,-0.141,-0.373,43.75,35.77
"2021-06-20 20:30:00",1220,11.81,406,0,-0.212,-0.59,-1.78,-0.053,-0.159,-0.169,-0.376,42.84,35.68
"2021-06-20 21:00:00",1221,11.81,406,0,-0.235,-0.82,-1.79,-0.074,-0.16,-0.182,-0.375,43.31,36.56
"2021-06-20 21:30:00",1222,11.8,406,0,-0.249,-0.92,-1.84,-0.083,-0.164,-0.189,-0.375,43.01,36.11
"2021-06-20 22:00:00",1223,11.8,406,0,-0.252,-0.98,-1.8,-0.088,-0.16,-0.191,-0.373,43.77,36.19
"2021-06-20 22:30:00",1224,11.8,406,0,-0.249,-0.98,-1.77,-0.088,-0.157,-0.196,-0.368,44.95,36.38
"2021-06-20 23:00:00",1225,11.79,406,0,-0.269,-1.11,-1.85,-0.099,-0.165,-0.199,-0.371,44.7,36.7
"2021-06-20 23:30:00",1226,11.79,406,0,-0.266,-1.11,-1.82,-0.099,-0.162,-0.201,-0.368,43.65,36.74
"2021-06-21 00:00:00",1227,11.79,406,0,-0.265,-1.11,-1.81,-0.099,-0.161,-0.195,-0.368,44.46,36.21
"2021-06-21 00:30:00",1228,11.79,406,0,-0.274,-1.17,-1.84,-0.105,-0.164,-0.2,-0.372,44.43,36.7
"2021-06-21 01:00:00",1229,11.78,406,0,-0.279,-1.21,-1.86,-0.108,-0.166,-0.203,-0.372,43.59,36.42
"2021-06-21 01:30:00",1230,11.78,406,0,-0.275,-1.19,-1.83,-0.107,-0.163,-0.203,-0.371,44.15,36.31
"2021-06-21 02:00:00",1231,11.78,406,0,-0.27,-1.19,-1.77,-0.107,-0.157,-0.2,-0.366,44.78,37.04
"2021-06-21 02:30:00",1232,11.78,406,0,-0.272,-1.18,-1.81,-0.106,-0.161,-0.204,-0.367,44.88,36.74
"2021-06-21 03:00:00",1233,11.77,406,0,-0.273,-1.16,-1.84,-0.104,-0.164,-0.2,-0.369,44.63,36.22
"2021-06-21 03:30:00",1234,11.77,406,0,-0.268,-1.13,-1.82,-0.101,-0.162,-0.198,-0.366,44.69,36.69
"2021-06-21 04:00:00",1235,11.77,406,0,-0.268,-1.13,-1.82,-0.101,-0.162,-0.198,-0.363,45.07,36.5
"2021-06-21 04:30:00",1236,11.77,406,0,-0.266,-1.12,-1.81,-0.1,-0.161,-0.197,-0.366,44.71,36.3
"2021-06-21 05:00:00",1237,11.77,406,0,-0.259,-1.06,-1.79,-0.095,-0.16,-0.193,-0.369,44.83,37.25
"2021-06-21 05:30:00",1238,11.77,406,0,-0.258,-1.03,-1.82,-0.092,-0.162,-0.19,-0.369,44.73,37.15
"2021-06-21 06:00:00",1239,11.76,406,0,-0.247,-0.92,-1.81,-0.082,-0.161,-0.184,-0.366,45.31,36.9
"2021-06-21 06:30:00",1240,11.76,406,0,-0.227,-0.79,-1.73,-0.071,-0.154,-0.172,-0.365,44.79,37.36
"2021-06-21 07:00:00",1241,11.76,406,0,-0.215,-0.68,-1.72,-0.061,-0.153,-0.161,-0.36,45.45,36.63
"2021-06-21 07:30:00",1242,11.76,406,0,-0.189,-0.45,-1.68,-0.04,-0.15,-0.147,-0.363,46.18,37.77
"2021-06-21 08:00:00",1243,11.76,406,0,-0.199,-0.52,-1.71,-0.047,-0.152,-0.148,-0.363,44.99,37.57
"2021-06-21 08:30:00",1244,11.75,406,0,-0.192,-0.48,-1.68,-0.043,-0.15,-0.148,-0.358,46.56,36.9
"2021-06-21 09:00:00",1245,11.75,406,0,-0.175,-0.35,-1.63,-0.032,-0.145,-0.138,-0.356,45.51,37.1
"2021-06-21 09:30:00",1246,11.75,406,0,-0.144,-0.05,-1.61,-0.006,-0.143,-0.112,-0.355,45.42,37.02
"2021-06-21 10:00:00",1247,11.75,406,0,-0.113,0.23,-1.56,0.02,-0.139,-0.092,-0.354,45.37,37.13
"2021-06-21 10:30:00",1248,11.75,406,0,-0.074,0.54,-1.47,0.048,-0.131,-0.066,-0.349,46.24,37.16
"2021-06-21 11:00:00",1249,11.75,406,0,-0.012,1.05,-1.33,0.093,-0.118,-0.025,-0.345,46.7,37.47
"2021-06-21 11:30:00",1250,11.78,406,0,0.092,1.93,-1.11,0.171,-0.1,0.054,-0.329,47.64,38
"2021-06-21 12:00:00",1251,11.78,406,0,0.15,2.39,-0.96,0.211,-0.086,0.108,-0.317,48.42,38.63
"2021-06-21 12:30:00",1252,11.79,406,0,0.373,4.4,-0.65,0.39,-0.058,-99,-0.295,-99,38.68
"2021-06-21 13:00:00",1253,11.83,406,0,0.367,4.46,-0.79,0.395,-0.071,0.238,-0.307,50.34,38.23
"2021-06-21 13:30:00",1254,11.82,406,0,0.348,4.25,-0.77,0.376,-0.069,0.219,-0.321,48.19,37.47
"2021-06-21 14:00:00",1255,11.82,406,0,0.132,2.04,-0.77,0.181,-0.069,0.093,-0.298,43.09,38.59
"2021-06-21 14:30:00",1256,11.8,406,0,0.287,3.79,-0.95,0.335,-0.085,0.175,-0.332,45.94,37.3
"2021-06-21 15:00:00",1257,11.78,406,0,0.311,3.99,-0.9,0.353,-0.081,0.169,-0.335,44.62,36.38
"2021-06-21 15:30:00",1258,11.77,406,0,0.343,4.31,-0.9,0.382,-0.08,0.18,-0.333,46.21,37.15
"2021-06-21 16:00:00",1259,11.76,406,0,0.292,3.91,-1.03,0.346,-0.092,0.138,-0.348,43,36.28
"2021-06-21 16:30:00",1260,11.76,406,0,0.221,3.21,-1.06,0.284,-0.094,0.113,-0.343,45.15,35.94
"2021-06-21 17:00:00",1261,11.76,406,0,0.113,2.2,-1.17,0.195,-0.105,0.043,-0.348,45.23,36.43
"2021-06-21 17:30:00",1262,11.76,406,0,0.07,1.85,-1.27,0.163,-0.113,0.023,-0.348,45.49,36.85
"2021-06-21 18:00:00",1263,11.76,406,0,0.049,1.67,-1.31,0.148,-0.117,0.003,-0.351,45.93,36.3
"2021-06-21 18:30:00",1264,11.76,406,0,0.027,1.45,-1.32,0.128,-0.117,-0.013,-0.354,45.29,35.81
"2021-06-21 19:00:00",1265,11.75,406,0,-0.001,1.23,-1.4,0.109,-0.125,-0.037,-0.358,44.79,35.73
"2021-06-21 19:30:00",1266,11.75,406,0,-0.09,0.47,-1.57,0.041,-0.14,-0.094,-0.366,44.73,36.33
"2021-06-21 20:00:00",1267,11.75,406,0,-0.147,-0.03,-1.66,-0.003,-0.148,-0.122,-0.369,45.03,36.37
"2021-06-21 20:30:00",1268,11.75,406,0,-0.18,-0.34,-1.7,-0.031,-0.151,-0.148,-0.373,43.88,35.9
"2021-06-21 21:00:00",1269,11.74,406,0,-0.209,-0.59,-1.75,-0.053,-0.156,-0.166,-0.37,43.03,36.29
"2021-06-21 21:30:00",1270,11.74,406,0,-0.229,-0.77,-1.78,-0.069,-0.158,-0.175,-0.373,43.8,36.08
"2021-06-21 22:00:00",1271,11.73,406,0,-0.239,-0.87,-1.78,-0.078,-0.159,-0.184,-0.372,44.17,36.6
"2021-06-21 22:30:00",1272,11.73,406,0,-0.243,-0.89,-1.8,-0.08,-0.16,-0.189,-0.373,43.14,36.13
"2021-06-21 23:00:00",1273,11.73,406,0,-0.236,-0.84,-1.78,-0.075,-0.158,-0.179,-0.371,44.29,36.46
"2021-06-21 23:30:00",1274,11.73,406,0,-0.231,-0.83,-1.73,-0.074,-0.154,-0.175,-0.367,44.78,36.22
"2021-06-22 00:00:00",1275,11.72,406,0,-0.228,-0.8,-1.73,-0.072,-0.154,-0.179,-0.368,45.52,36.86
"2021-06-22 00:30:00",1276,11.72,406,0,-0.23,-0.84,-1.71,-0.075,-0.152,-0.179,-0.367,43.6,36.7
"2021-06-22 01:00:00",1277,11.72,406,0,-0.226,-0.77,-1.74,-0.069,-0.155,-0.169,-0.366,45.04,36.38
"2021-06-22 01:30:00",1278,11.72,406,0,-0.241,-0.88,-1.79,-0.078,-0.159,-0.18,-0.369,44.48,36.91
"2021-06-22 02:00:00",1279,11.71,406,0,-0.238,-0.89,-1.74,-0.08,-0.155,-0.187,-0.366,44.52,36.94
"2021-06-22 02:30:00",1280,11.71,406,0,-0.246,-0.93,-1.79,-0.084,-0.159,-0.188,-0.368,44.29,36.3
"2021-06-22 03:00:00",1281,11.71,406,0,-0.264,-1.08,-1.83,-0.096,-0.163,-0.199,-0.372,44.35,36.52
"2021-06-22 03:30:00",1282,11.71,406,0,-0.262,-1.07,-1.82,-0.096,-0.162,-0.195,-0.372,44.92,36.93
"2021-06-22 04:00:00",1283,11.7,406,0,-0.261,-1.07,-1.8,-0.096,-0.16,-0.196,-0.371,43.69,36.11
"2021-06-22 04:30:00",1284,11.7,406,0,-0.265,-1.1,-1.82,-0.098,-0.162,-0.198,-0.373,44.61,37.04
"2021-06-22 05:00:00",1285,11.7,406,0,-0.257,-1.03,-1.81,-0.092,-0.161,-0.189,-0.368,43.38,37.05
"2021-06-22 05:30:00",1286,11.7,406,0,-0.252,-0.99,-1.79,-0.089,-0.159,-0.192,-0.368,45.19,36.37
"2021-06-22 06:00:00",1287,11.69,406,0,-0.24,-0.91,-1.74,-0.081,-0.155,-0.183,-0.368,44.64,36.38
"2021-06-22 06:30:00",1288,11.69,406,0,-0.219,-0.69,-1.75,-0.062,-0.156,-0.161,-0.363,45.87,37.87
"2021-06-22 07:00:00",1289,11.69,406,0,-0.176,-0.35,-1.64,-0.032,-0.146,-0.136,-0.355,44.93,36.68
"2021-06-22 07:30:00",1290,11.69,406,0,-0.109,0.26,-1.55,0.023,-0.138,-0.085,-0.353,46.21,37.39
"2021-06-22 08:00:00",1291,11.69,406,0,-0.036,0.93,-1.47,0.082,-0.131,-0.038,-0.351,45.76,37.36
"2021-06-22 08:30:00",1292,11.68,406,0,-0.004,1.15,-1.35,0.101,-0.121,-0.018,-0.344,45.42,37.85
"2021-06-22 09:00:00",1293,11.68,406,0,0.116,2.2,-1.13,0.195,-0.101,0.068,-0.335,47.74,37.68
"2021-06-22 09:30:00",1294,11.69,406,0,0.114,2.19,-1.15,0.194,-0.103,0.055,-0.339,47.26,37.88
"2021-06-22 10:00:00",1295,11.71,406,0,0.245,3.32,-0.91,0.294,-0.082,0.183,-0.322,52.35,38.58
"2021-06-22 10:30:00",1296,11.74,406,0,0.221,3.08,-0.92,0.273,-0.083,0.12,-0.325,44.82,37.42
"2021-06-22 11:00:00",1297,11.79,406,0,0.326,4.07,-0.82,0.36,-0.074,0.225,-0.318,57.08,38.34
"2021-06-22 11:30:00",1298,11.77,406,0,0.16,2.58,-1.06,0.228,-0.094,0.078,-0.326,44.18,38.12
"2021-06-22 12:00:00",1299,11.76,406,0,0.133,2.34,-1.1,0.207,-0.098,0.078,-0.334,44.83,37.69
"2021-06-22 12:30:00",1300,11.75,406,0,0.016,1.26,-1.23,0.112,-0.11,-0.01,-0.342,43.41,37.35
"2021-06-22 13:00:00",1301,11.74,406,0,0.081,2.15,-1.48,0.191,-0.132,-0.017,-0.379,41.65,35.48
"2021-06-22 13:30:00",1302,11.73,406,0,-0.231,-0.58,-2.01,-0.052,-0.178,-0.198,-0.401,39.31,34.79
"2021-06-22 14:00:00",1303,11.72,406,0,-0.271,-1.02,-1.98,-0.091,-0.176,-0.195,-0.397,44.35,35.36
"2021-06-22 14:30:00",1304,11.71,406,0,-0.304,-1.4,-1.93,-0.125,-0.172,-0.221,-0.385,42,36.49
"2021-06-22 15:00:00",1305,11.69,406,0,-0.277,-1.19,-1.86,-0.106,-0.166,-0.213,-0.378,44.73,36.05
"2021-06-22 15:30:00",1306,11.68,406,0,-0.278,-1.16,-1.9,-0.104,-0.169,-0.203,-0.381,43.59,36.84
"2021-06-22 16:00:00",1307,11.68,406,0,-0.254,-0.95,-1.86,-0.085,-0.165,-0.184,-0.372,44.63,37.46
"2021-06-22 16:30:00",1308,11.67,406,0,-0.206,-0.57,-1.74,-0.051,-0.155,-0.158,-0.366,44.21,37.45
"2021-06-22 17:00:00",1309,11.67,406,0,-0.146,0,-1.69,0,-0.15,-0.11,-0.365,42.6,37.09
"2021-06-22 17:30:00",1310,11.67,406,0,-0.138,0,-1.59,0,-0.142,-0.118,-0.363,43.13,36.37
"2021-06-22 18:00:00",1311,11.67,406,0,-0.115,0.21,-1.57,0.019,-0.14,-0.105,-0.364,44.79,36.78
"2021-06-22 18:30:00",1312,11.66,406,0,-0.122,0.14,-1.57,0.013,-0.14,-0.105,-0.365,46.05,37.06
"2021-06-22 19:00:00",1313,11.66,406,0,-0.146,-0.06,-1.62,-0.006,-0.144,-0.119,-0.363,45.23,37.38
"2021-06-22 19:30:00",1314,11.66,406,0,-0.175,-0.3,-1.68,-0.028,-0.149,-0.14,-0.364,45.12,36.54
"2021-06-22 20:00:00",1315,11.66,406,0,-0.162,-0.17,-1.68,-0.016,-0.149,-0.137,-0.369,44.39,36.38
"2021-06-22 20:30:00",1316,11.66,406,0,-0.202,-0.52,-1.75,-0.047,-0.156,-0.161,-0.369,44.23,37.21
"2021-06-22 21:00:00",1317,11.65,406,0,-0.227,-0.74,-1.79,-0.066,-0.159,-0.174,-0.372,44.82,36.81
"2021-06-22 21:30:00",1318,11.65,406,0,-0.246,-0.91,-1.81,-0.081,-0.161,-0.192,-0.37,43.52,37.44
"2021-06-22 22:00:00",1319,11.65,406,0,-0.259,-1.02,-1.84,-0.091,-0.164,-0.196,-0.372,44.19,36.44
"2021-06-22 22:30:00",1320,11.65,406,0,-0.271,-1.12,-1.87,-0.1,-0.166,-0.204,-0.373,44.44,36.85
"2021-06-22 23:00:00",1321,11.64,406,0,-0.271,-1.12,-1.87,-0.1,-0.167,-0.204,-0.371,44.7,37.25
"2021-06-22 23:30:00",1322,11.64,406,0,-0.274,-1.15,-1.87,-0.103,-0.166,-0.201,-0.37,43.96,36.52
"2021-06-23 00:00:00",1323,11.64,406,0,-0.271,-1.12,-1.87,-0.1,-0.166,-0.201,-0.372,44.95,38.03
"2021-06-23 00:30:00",1324,11.63,406,0,-0.277,-1.2,-1.84,-0.107,-0.163,-0.209,-0.37,44.32,36.31
"2021-06-23 01:00:00",1325,11.63,406,0,-0.278,-1.19,-1.87,-0.106,-0.166,-0.206,-0.371,44.03,37.42
"2021-06-23 01:30:00",1326,11.63,406,0,-0.272,-1.15,-1.84,-0.103,-0.163,-0.203,-0.373,44.44,37.52
"2021-06-23 02:00:00",1327,11.62,406,0,-0.278,-1.25,-1.8,-0.112,-0.16,-0.208,-0.365,44.28,37.1
"2021-06-23 02:30:00",1328,11.62,406,0,-0.272,-1.19,-1.8,-0.106,-0.161,-0.207,-0.367,43.45,37.1
"2021-06-23 03:00:00",1329,11.62,406,0,-0.278,-1.16,-1.9,-0.103,-0.169,-0.204,-0.372,44.24,37.21
"2021-06-23 03:30:00",1330,11.62,406,0,-0.274,-1.16,-1.85,-0.104,-0.164,-0.205,-0.37,43.77,37
"2021-06-23 04:00:00",1331,11.61,406,0,-0.273,-1.16,-1.84,-0.104,-0.164,-0.205,-0.369,44.35,37.43
"2021-06-23 04:30:00",1332,11.61,406,0,-0.275,-1.16,-1.87,-0.103,-0.166,-0.201,-0.37,44.66,37.21
"2021-06-23 05:00:00",1333,11.61,406,0,-0.284,-1.23,-1.89,-0.11,-0.168,-0.204,-0.368,44.57,36.81
"2021-06-23 05:30:00",1334,11.61,406,0,-0.281,-1.19,-1.9,-0.106,-0.169,-0.206,-0.372,44.45,37.01
"2021-06-23 06:00:00",1335,11.6,406,0,-0.254,-0.98,-1.83,-0.088,-0.163,-0.193,-0.368,45.45,37.02
"2021-06-23 06:30:00",1336,11.6,406,0,-0.22,-0.69,-1.76,-0.062,-0.157,-0.166,-0.367,44.55,38.04
"2021-06-23 07:00:00",1337,11.6,406,0,-0.149,-0.06,-1.65,-0.006,-0.147,-0.119,-0.357,44.81,37.78
"2021-06-23 07:30:00",1338,11.59,406,0,-0.012,1.14,-1.43,0.101,-0.128,-0.023,-0.346,47.25,37.99
"2021-06-23 08:00:00",1339,11.59,406,0,0.075,1.87,-1.23,0.166,-0.11,0.04,-0.334,47.62,39.34
"2021-06-23 08:30:00",1340,11.59,406,0,0.191,2.86,-1.01,0.253,-0.091,0.11,-0.327,47.65,38.39
"2021-06-23 09:00:00",1341,11.59,406,0,0.231,3.24,-0.98,0.287,-0.087,0.146,-0.323,48.01,39.01
"2021-06-23 09:30:00",1342,11.59,406,0,0.289,3.74,-0.87,0.331,-0.078,0.186,-0.318,49.6,38.52
"2021-06-23 10:00:00",1343,11.66,406,0,0.347,4.22,-0.75,0.373,-0.068,0.242,-0.309,51.8,39.22
"2021-06-23 10:30:00",1344,11.74,406,0,0.299,3.69,-0.7,0.326,-0.062,0.202,-0.297,48.16,40.31
"2021-06-23 11:00:00",1345,11.82,406,0,0.347,3.95,-0.44,0.349,-0.04,-99,-0.272,-99,42.07
"2021-06-23 11:30:00",1346,11.88,406,0,0.168,2.29,-0.64,0.203,-0.057,0.135,-0.289,44.33,40.23
"2021-06-23 12:00:00",1347,11.95,406,0,0.324,3.87,-0.62,0.342,-0.056,0.257,-0.277,52.94,41.91
"2021-06-23 12:30:00",1348,11.83,406,0,0.281,3.49,-0.69,0.309,-0.062,0.226,-0.282,51.86,41.39
"2021-06-23 13:00:00",1349,11.85,406,0,0.332,3.98,-0.65,0.352,-0.058,0.243,-0.297,52.05,38.94
"2021-06-23 13:30:00",1350,11.83,406,0,0.418,5.14,-0.96,0.455,-0.086,0.22,-0.345,47.56,37.08
"2021-06-23 14:00:00",1351,11.82,406,0,0.143,2.26,-0.89,0.2,-0.08,0.113,-0.3,45.72,39.65
"2021-06-23 14:30:00",1352,11.78,406,0,0.214,3.02,-0.93,0.267,-0.083,0.116,-0.327,44.02,38.94
"2021-06-23 15:00:00",1353,11.77,406,0,0.272,3.78,-1.11,0.335,-0.099,0.126,-0.35,44.05,36.64
"2021-06-23 15:30:00",1354,11.75,406,0,0.243,3.5,-1.13,0.31,-0.101,0.131,-0.347,48.47,37.43
"2021-06-23 16:00:00",1355,11.74,406,0,0.183,2.9,-1.15,0.256,-0.103,0.072,-0.349,43.28,37.22
"2021-06-23 16:30:00",1356,11.73,406,0,0.114,2.33,-1.3,0.206,-0.116,0.039,-0.353,45.36,37.12
"2021-06-23 17:00:00",1357,11.73,406,0,0.027,1.49,-1.36,0.132,-0.121,0,-0.35,45.89,37.08
"2021-06-23 17:30:00",1358,11.72,406,0,-0.011,1.17,-1.45,0.104,-0.129,-0.038,-0.357,45.34,37.35
"2021-06-23 18:00:00",1359,11.72,406,0,-0.06,0.75,-1.54,0.066,-0.137,-0.059,-0.358,46.96,37.05
"2021-06-23 18:30:00",1360,11.71,406,0,-0.062,0.7,-1.51,0.062,-0.135,-0.062,-0.359,44.14,36.31
"2021-06-23 19:00:00",1361,11.71,406,0,-0.087,0.52,-1.59,0.046,-0.142,-0.096,-0.368,43.54,36.79
"2021-06-23 19:30:00",1362,11.7,406,0,-0.151,-0.06,-1.68,-0.007,-0.15,-0.134,-0.373,43.36,36.19
"2021-06-23 20:00:00",1363,11.7,406,0,-0.176,-0.29,-1.71,-0.026,-0.152,-0.15,-0.374,43.56,36.8
"2021-06-23 20:30:00",1364,11.69,406,0,-0.217,-0.62,-1.81,-0.056,-0.161,-0.174,-0.377,43.62,36.86
"2021-06-23 21:00:00",1365,11.68,406,0,-0.249,-0.92,-1.84,-0.082,-0.164,-0.193,-0.378,43.25,36.49
"2021-06-23 21:30:00",1366,11.68,406,0,-0.257,-1.01,-1.83,-0.091,-0.163,-0.2,-0.378,43.21,36.87
"2021-06-23 22:00:00",1367,11.67,406,0,-0.273,-1.09,-1.92,-0.097,-0.171,-0.206,-0.381,43.86,37.1
"2021-06-23 22:30:00",1368,11.67,406,0,-0.279,-1.18,-1.89,-0.106,-0.168,-0.208,-0.377,44.17,36.31
"2021-06-23 23:00:00",1369,11.66,406,0,-0.28,-1.21,-1.87,-0.108,-0.166,-0.21,-0.372,43.82,36.89
"2021-06-23 23:30:00",1370,11.66,406,0,-0.287,-1.25,-1.9,-0.111,-0.169,-0.213,-0.372,43.82,36.89
"2021-06-24 00:00:00",1371,11.65,406,0,-0.288,-1.27,-1.89,-0.113,-0.168,-0.212,-0.376,44.61,37.42
"2021-06-24 00:30:00",1372,11.65,406,0,-0.29,-1.3,-1.88,-0.116,-0.168,-0.214,-0.374,43.39,37.3
"2021-06-24 01:00:00",1373,11.64,406,0,-0.3,-1.39,-1.89,-0.124,-0.168,-0.221,-0.375,44.13,36.94
"2021-06-24 01:30:00",1374,11.64,406,0,-0.292,-1.31,-1.89,-0.117,-0.168,-0.215,-0.373,43.56,36.64
"2021-06-24 02:00:00",1375,11.63,406,0,-0.29,-1.3,-1.88,-0.116,-0.167,-0.215,-0.372,44.51,37.32
"2021-06-24 02:30:00",1376,11.63,406,0,-0.285,-1.26,-1.87,-0.112,-0.167,-0.211,-0.372,44.58,37.39
"2021-06-24 03:00:00",1377,11.62,406,0,-0.295,-1.36,-1.87,-0.121,-0.167,-0.214,-0.372,44.37,37.18
"2021-06-24 03:30:00",1378,11.62,406,0,-0.298,-1.4,-1.86,-0.125,-0.166,-0.217,-0.368,44.26,37.49
"2021-06-24 04:00:00",1379,11.61,406,0,-0.289,-1.3,-1.87,-0.116,-0.167,-0.212,-0.369,44.13,37.63
"2021-06-24 04:30:00",1380,11.61,406,0,-0.284,-1.28,-1.83,-0.115,-0.163,-0.208,-0.37,44.62,37.59
"2021-06-24 05:00:00",1381,11.61,406,0,-0.297,-1.35,-1.9,-0.12,-0.169,-0.215,-0.369,44.16,36.82
"2021-06-24 05:30:00",1382,11.6,406,0,-0.292,-1.33,-1.87,-0.119,-0.167,-0.218,-0.371,44.17,37.13
"2021-06-24 06:00:00",1383,11.6,406,0,-0.281,-1.25,-1.83,-0.112,-0.163,-0.209,-0.369,44.75,37.29
"2021-06-24 06:30:00",1384,11.6,406,0,-0.246,-0.93,-1.79,-0.083,-0.159,-0.184,-0.366,45.01,37.4
"2021-06-24 07:00:00",1385,11.59,406,0,-0.186,-0.4,-1.7,-0.036,-0.151,-0.14,-0.363,46.02,37.74
"2021-06-24 07:30:00",1386,11.59,406,0,-0.113,0.23,-1.57,0.02,-0.14,-0.089,-0.352,47.21,38.2
"2021-06-24 08:00:00",1387,11.58,406,0,-0.02,1.03,-1.4,0.091,-0.125,-0.017,-0.337,48.84,38.74
"2021-06-24 08:30:00",1388,11.58,406,0,0.103,2.09,-1.16,0.185,-0.104,0.057,-0.328,47.1,38.83
"2021-06-24 09:00:00",1389,11.58,406,0,0.197,2.93,-1.02,0.259,-0.091,0.125,-0.323,48.6,38.67
"2021-06-24 09:30:00",1390,11.59,406,0,0.264,3.5,-0.89,0.31,-0.079,0.17,-0.315,48.06,39.07
"2021-06-24 10:00:00",1391,11.65,406,0,0.312,3.85,-0.74,0.341,-0.067,0.233,-0.308,52.24,39.93
"2021-06-24 10:30:00",1392,11.73,406,0,0.226,2.88,-0.63,0.255,-0.057,0.184,-0.281,50.97,40.91
"2021-06-24 11:00:00",1393,11.95,406,0,0.291,3.52,-0.61,0.311,-0.055,-99,-0.279,-99,41.77
"2021-06-24 11:30:00",1394,12.02,406,0,0.283,3.49,-0.66,0.309,-0.059,0.229,-0.273,56.56,41.54
"2021-06-24 12:00:00",1395,11.96,406,0,0.256,3.28,-0.74,0.29,-0.067,0.215,-0.282,52.52,42.06
"2021-06-24 12:30:00",1396,11.84,406,0,0.26,3.3,-0.72,0.292,-0.065,0.198,-0.287,52.81,41.12
"2021-06-24 13:00:00",1397,11.84,406,0,0.242,3.17,-0.78,0.28,-0.07,0.174,-0.303,50.6,39.32
"2021-06-24 13:30:00",1398,11.82,406,0,0.337,4.44,-1.11,0.393,-0.099,0.156,-0.357,44.98,36.33
"2021-06-24 14:00:00",1399,11.8,406,0,0.226,3.09,-0.87,0.274,-0.078,0.163,-0.308,49.35,38.63
"2021-06-24 14:30:00",1400,11.77,406,0,0.094,1.85,-0.99,0.163,-0.089,0.051,-0.318,44.4,38.75
"2021-06-24 15:00:00",1401,11.76,406,0,0.263,3.84,-1.28,0.34,-0.114,0.101,-0.366,42.67,36.18
"2021-06-24 15:30:00",1402,11.75,406,0,0.197,3.15,-1.27,0.279,-0.114,0.098,-0.359,46.78,36.56
"2021-06-24 16:00:00",1403,11.74,406,0,0.125,2.43,-1.29,0.215,-0.115,0.028,-0.359,42.69,36.52
"2021-06-24 16:30:00",1404,11.73,406,0,0.059,1.84,-1.38,0.163,-0.123,0.003,-0.356,44.16,36.18
"2021-06-24 17:00:00",1405,11.72,406,0,-0.021,1.1,-1.49,0.098,-0.133,-0.042,-0.361,44.33,37.02
"2021-06-24 17:30:00",1406,11.72,406,0,-0.071,0.65,-1.55,0.058,-0.138,-0.069,-0.363,44.26,36.85
"2021-06-24 18:00:00",1407,11.71,406,0,-0.109,0.28,-1.58,0.025,-0.141,-0.098,-0.366,45.27,36.86
"2021-06-24 18:30:00",1408,11.71,406,0,-0.109,0.35,-1.65,0.031,-0.147,-0.099,-0.365,43.24,36.75
"2021-06-24 19:00:00",1409,11.7,406,0,-0.126,0.18,-1.66,0.016,-0.148,-0.11,-0.366,43,36.51
"2021-06-24 19:30:00",1410,11.7,406,0,-0.151,-0.06,-1.68,-0.006,-0.149,-0.129,-0.367,45.45,36.21
"2021-06-24 20:00:00",1411,11.69,406,0,-0.176,-0.28,-1.72,-0.026,-0.153,-0.144,-0.371,44.05,37.3
"2021-06-24 20:30:00",1412,11.69,406,0,-0.216,-0.63,-1.78,-0.056,-0.158,-0.176,-0.379,43.24,36.64
"2021-06-24 21:00:00",1413,11.69,406,0,-0.245,-0.88,-1.84,-0.079,-0.164,-0.191,-0.378,42.59,36.25
"2021-06-24 21:30:00",1414,11.68,406,0,-0.271,-1.14,-1.84,-0.102,-0.164,-0.205,-0.378,43.7,35.95
"2021-06-24 22:00:00",1415,11.67,406,0,-0.276,-1.17,-1.87,-0.104,-0.166,-0.21,-0.379,42.94,36.75
"2021-06-24 22:30:00",1416,11.67,406,0,-0.281,-1.23,-1.86,-0.11,-0.166,-0.214,-0.378,43.09,36.75
"2021-06-24 23:00:00",1417,11.66,406,0,-0.294,-1.29,-1.94,-0.115,-0.173,-0.216,-0.378,43.78,37.01
"2021-06-24 23:30:00",1418,11.65,406,0,-0.286,-1.24,-1.9,-0.111,-0.169,-0.213,-0.375,43.89,37.13
"2021-06-25 00:00:00",1419,11.65,406,0,-0.292,-1.31,-1.89,-0.117,-0.168,-0.215,-0.374,44.3,36.86
"2021-06-25 00:30:00",1420,11.64,406,0,-0.298,-1.34,-1.93,-0.12,-0.171,-0.212,-0.377,43.71,37.37
"2021-06-25 01:00:00",1421,11.64,406,0,-0.298,-1.35,-1.92,-0.12,-0.171,-0.215,-0.376,43.04,36.7
"2021-06-25 01:30:00",1422,11.63,406,0,-0.294,-1.33,-1.89,-0.119,-0.168,-0.217,-0.372,45.08,37.07
"2021-06-25 02:00:00",1423,11.63,406,0,-0.292,-1.31,-1.89,-0.117,-0.168,-0.216,-0.374,44.62,37.29
"2021-06-25 02:30:00",1424,11.63,406,0,-0.297,-1.37,-1.88,-0.122,-0.168,-0.22,-0.371,45.61,37.34
"2021-06-25 03:00:00",1425,11.62,406,0,-0.291,-1.34,-1.85,-0.119,-0.165,-0.215,-0.371,43.37,36.76
"2021-06-25 03:30:00",1426,11.62,406,0,-0.305,-1.45,-1.88,-0.129,-0.167,-0.224,-0.371,43.73,37.38
"2021-06-25 04:00:00",1427,11.61,406,0,-0.3,-1.4,-1.88,-0.125,-0.167,-0.223,-0.371,44.12,37.35
"2021-06-25 04:30:00",1428,11.61,406,0,-0.3,-1.38,-1.91,-0.123,-0.17,-0.219,-0.374,44.18,37.15
"2021-06-25 05:00:00",1429,11.61,406,0,-0.302,-1.43,-1.87,-0.128,-0.167,-0.223,-0.372,45.01,37.56
"2021-06-25 05:30:00",1430,11.6,406,0,-0.307,-1.46,-1.9,-0.13,-0.169,-0.225,-0.371,44.42,37.23
"2021-06-25 06:00:00",1431,11.6,406,0,-0.299,-1.41,-1.86,-0.126,-0.165,-0.221,-0.369,44.79,37.19
"2021-06-25 06:30:00",1432,11.59,406,0,-0.284,-1.31,-1.8,-0.117,-0.16,-0.206,-0.364,44.52,37.76
"2021-06-25 07:00:00",1433,11.59,406,0,-0.269,-1.13,-1.83,-0.101,-0.163,-0.191,-0.362,45.26,37.66
"2021-06-25 07:30:00",1434,11.59,406,0,-0.201,-0.55,-1.7,-0.049,-0.151,-0.148,-0.358,46.49,38.47
"2021-06-25 08:00:00",1435,11.58,406,0,-0.109,0.25,-1.54,0.022,-0.137,-0.075,-0.343,48.26,38.58
"2021-06-25 08:30:00",1436,11.58,406,0,-0.021,0.98,-1.35,0.087,-0.12,-0.025,-0.336,49.22,38.72
"2021-06-25 09:00:00",1437,11.58,406,0,0.039,1.48,-1.21,0.131,-0.108,0.031,-0.326,50.31,39.4
"2021-06-25 09:30:00",1438,11.59,406,0,0.114,2.19,-1.15,0.194,-0.103,0.071,-0.323,48.65,38.72
"2021-06-25 10:00:00",1439,11.65,406,0,0.219,3.12,-0.98,0.276,-0.088,0.163,-0.311,56.53,39.98
"2021-06-25 10:30:00",1440,11.7,406,0,0.202,2.73,-0.74,0.241,-0.067,0.168,-0.292,54.53,40.59
"2021-06-25 11:00:00",1441,11.9,406,0,0.286,3.49,-0.63,0.309,-0.057,0.244,-0.281,61.23,41.39
"2021-06-25 11:30:00",1442,11.94,406,0,0.233,3.06,-0.76,0.271,-0.068,0.182,-0.287,49.01,41.04
"2021-06-25 12:00:00",1443,11.89,406,0,0.245,3.2,-0.78,0.283,-0.07,0.205,-0.282,53.78,40.59
"2021-06-25 12:30:00",1444,11.81,406,0,0.24,3.22,-0.86,0.285,-0.077,0.174,-0.298,50.69,39.82
"2021-06-25 13:00:00",1445,11.82,406,0,0.242,3.18,-0.79,0.281,-0.071,0.173,-0.306,50.97,39.13
"2021-06-25 13:30:00",1446,11.8,406,0,0.322,4.26,-1.08,0.377,-0.097,0.157,-0.352,45.68,36.61
"2021-06-25 14:00:00",1447,11.78,406,0,0.175,2.59,-0.89,0.229,-0.08,0.123,-0.312,48.18,39.8
"2021-06-25 14:30:00",1448,11.75,406,0,0.093,1.91,-1.07,0.169,-0.095,0.05,-0.324,43.85,37.94
"2021-06-25 15:00:00",1449,11.74,406,0,0.149,2.68,-1.29,0.237,-0.115,0.056,-0.364,43.55,36.25
"2021-06-25 15:30:00",1450,11.73,406,0,0.139,2.53,-1.24,0.224,-0.111,0.067,-0.355,46.87,36.66
"2021-06-25 16:00:00",1451,11.72,406,0,0.172,2.81,-1.18,0.249,-0.105,0.075,-0.347,45.71,36.91
"2021-06-25 16:30:00",1452,11.71,406,0,0.075,1.88,-1.25,0.167,-0.112,0.025,-0.352,45.3,38
"2021-06-25 17:00:00",1453,11.71,406,0,0.019,1.39,-1.34,0.123,-0.12,-0.016,-0.351,44.78,37.06
"2021-06-25 17:30:00",1454,11.7,406,0,-0.055,0.79,-1.53,0.07,-0.136,-0.063,-0.364,44.35,36.37
"2021-06-25 18:00:00",1455,11.69,406,0,-0.068,0.64,-1.51,0.056,-0.135,-0.066,-0.36,45.36,36.14
"2021-06-25 18:30:00",1456,11.69,406,0,-0.061,0.74,-1.54,0.066,-0.137,-0.068,-0.362,45.26,36.46
"2021-06-25 19:00:00",1457,11.68,406,0,-0.108,0.29,-1.58,0.025,-0.14,-0.098,-0.364,43.78,36.22
"2021-06-25 19:30:00",1458,11.68,406,0,-0.163,-0.17,-1.69,-0.016,-0.15,-0.138,-0.37,44.83,37.26
"2021-06-25 20:00:00",1459,11.67,406,0,-0.201,-0.49,-1.77,-0.045,-0.158,-0.157,-0.37,44.22,36.65
"2021-06-25 20:30:00",1460,11.67,406,0,-0.237,-0.8,-1.83,-0.072,-0.162,-0.186,-0.375,44.59,36.76
"2021-06-25 21:00:00",1461,11.66,406,0,-0.262,-1.01,-1.89,-0.091,-0.168,-0.199,-0.375,43.21,35.79
"2021-06-25 21:30:00",1462,11.66,406,0,-0.276,-1.2,-1.83,-0.107,-0.163,-0.21,-0.378,43.69,36.95
"2021-06-25 22:00:00",1463,11.65,406,0,-0.279,-1.21,-1.85,-0.108,-0.164,-0.211,-0.375,44,36.68
"2021-06-25 22:30:00",1464,11.65,406,0,-0.293,-1.31,-1.9,-0.117,-0.169,-0.212,-0.375,43.39,37.31
"2021-06-25 23:00:00",1465,11.64,406,0,-0.295,-1.33,-1.91,-0.119,-0.17,-0.217,-0.375,43.47,37.3
"2021-06-25 23:30:00",1466,11.64,406,0,-0.29,-1.33,-1.85,-0.119,-0.165,-0.212,-0.372,44.47,36.89
"2021-06-26 00:00:00",1467,11.63,406,0,-0.293,-1.35,-1.86,-0.12,-0.165,-0.216,-0.372,44.05,36.89
"2021-06-26 00:30:00",1468,11.63,406,0,-0.293,-1.38,-1.83,-0.123,-0.163,-0.216,-0.37,44.83,37.1
"2021-06-26 01:00:00",1469,11.62,406,0,-0.294,-1.39,-1.83,-0.124,-0.163,-0.217,-0.371,43.94,37.87
"2021-06-26 01:30:00",1470,11.62,406,0,-0.301,-1.43,-1.86,-0.128,-0.166,-0.22,-0.375,44.63,37.2
"2021-06-26 02:00:00",1471,11.61,406,0,-0.3,-1.38,-1.91,-0.123,-0.17,-0.219,-0.374,43.86,37.11
"2021-06-26 02:30:00",1472,11.61,406,0,-0.299,-1.4,-1.87,-0.125,-0.167,-0.221,-0.372,44.41,36.99
"2021-06-26 03:00:00",1473,11.61,406,0,-0.302,-1.43,-1.87,-0.127,-0.166,-0.22,-0.37,44.64,38.04
"2021-06-26 03:30:00",1474,11.61,406,0,-0.3,-1.39,-1.9,-0.124,-0.169,-0.217,-0.372,44.28,37.12
"2021-06-26 04:00:00",1475,11.6,406,0,-0.304,-1.43,-1.9,-0.127,-0.169,-0.22,-0.372,44.81,37.49
"2021-06-26 04:30:00",1476,11.6,406,0,-0.302,-1.47,-1.83,-0.131,-0.163,-0.223,-0.37,44.34,37.17
"2021-06-26 05:00:00",1477,11.59,406,0,-0.301,-1.43,-1.86,-0.127,-0.166,-0.223,-0.371,45.17,37.58
"2021-06-26 05:30:00",1478,11.59,406,0,-0.301,-1.43,-1.86,-0.127,-0.166,-0.221,-0.371,44.98,37.81
"2021-06-26 06:00:00",1479,11.59,406,0,-0.305,-1.45,-1.88,-0.129,-0.167,-0.22,-0.37,44.56,37.23
"2021-06-26 06:30:00",1480,11.58,406,0,-0.296,-1.4,-1.84,-0.125,-0.164,-0.211,-0.368,44.82,37.81
"2021-06-26 07:00:00",1481,11.58,406,0,-0.274,-1.21,-1.8,-0.108,-0.16,-0.204,-0.364,45.47,38.31
"2021-06-26 07:30:00",1482,11.58,406,0,-0.241,-0.91,-1.76,-0.081,-0.157,-0.175,-0.36,47.17,37.93
"2021-06-26 08:00:00",1483,11.57,406,0,-0.204,-0.6,-1.68,-0.054,-0.15,-0.147,-0.354,46.37,38.23
"2021-06-26 08:30:00",1484,11.57,406,0,-0.128,0.06,-1.55,0.006,-0.138,-0.096,-0.349,47.97,38.58
"2021-06-26 09:00:00",1485,11.57,406,0,-0.036,0.91,-1.44,0.08,-0.128,-0.027,-0.343,48.75,39.1
"2021-06-26 09:30:00",1486,11.57,406,0,-0.022,0.97,-1.35,0.086,-0.12,-0.026,-0.34,45.93,38.51
"2021-06-26 10:00:00",1487,11.57,406,0,0.086,2.06,-1.32,0.182,-0.118,0.051,-0.342,53.48,38.19
"2021-06-26 10:30:00",1488,11.58,406,0,0.166,2.71,-1.13,0.24,-0.101,0.123,-0.33,56.95,38.6
"2021-06-26 11:00:00",1489,11.67,406,0,0.18,2.63,-0.88,0.232,-0.079,0.141,-0.302,52.13,40.01
"2021-06-26 11:30:00",1490,11.7,406,0,0.113,2.03,-0.98,0.18,-0.087,0.065,-0.313,41.79,39.21
"2021-06-26 12:00:00",1491,11.68,406,0,0.183,2.92,-1.17,0.259,-0.104,0.088,-0.353,46.1,36.72
"2021-06-26 12:30:00",1492,11.66,406,0,0.097,1.96,-1.08,0.174,-0.096,0.078,-0.329,49.29,38.83
"2021-06-26 13:00:00",1493,11.66,406,0,0.14,2.48,-1.17,0.22,-0.104,0.081,-0.339,45.72,38.31
"2021-06-26 13:30:00",1494,11.66,406,0,0.214,3.09,-1.01,0.273,-0.091,0.136,-0.334,49.39,38.77
"2021-06-26 14:00:00",1495,11.65,406,0,0.212,2.95,-0.87,0.261,-0.078,0.137,-0.31,45.32,39.17
"2021-06-26 14:30:00",1496,11.64,406,0,0.317,4.04,-0.89,0.358,-0.079,0.205,-0.33,48.67,37.38
"2021-06-26 15:00:00",1497,11.63,406,0,0.275,3.69,-0.98,0.326,-0.088,0.171,-0.334,48.37,37.49
"2021-06-26 15:30:00",1498,11.62,406,0,0.241,3.29,-0.92,0.291,-0.082,0.159,-0.322,47.15,39.02
"2021-06-26 16:00:00",1499,11.61,406,0,0.218,3.22,-1.11,0.285,-0.099,0.112,-0.343,44.99,37.58
"2021-06-26 16:30:00",1500,11.61,406,0,0.116,2.34,-1.29,0.207,-0.115,0.041,-0.355,43.91,36.77
"2021-06-26 17:00:00",1501,11.6,406,0,0.09,2.11,-1.33,0.186,-0.118,0.037,-0.355,44.92,37.35
"2021-06-26 17:30:00",1502,11.59,406,0,0.083,1.98,-1.27,0.176,-0.113,0.034,-0.35,46.86,37.38
"2021-06-26 18:00:00",1503,11.58,406,0,0.04,1.6,-1.33,0.142,-0.118,0.005,-0.351,44.86,37.3
"2021-06-26 18:30:00",1504,11.58,406,0,0.009,1.33,-1.39,0.118,-0.124,-0.018,-0.356,45.9,37.5
"2021-06-26 19:00:00",1505,11.58,406,0,-0.027,1.03,-1.47,0.091,-0.131,-0.051,-0.364,45.25,37.02
"2021-06-26 19:30:00",1506,11.58,406,0,-0.085,0.51,-1.56,0.045,-0.139,-0.081,-0.363,45.85,37.71
"2021-06-26 20:00:00",1507,11.57,406,0,-0.144,0,-1.66,0,-0.148,-0.117,-0.37,44.16,36.85
"2021-06-26 20:30:00",1508,11.57,406,0,-0.2,-0.51,-1.73,-0.046,-0.154,-0.159,-0.372,44.37,36.38
"2021-06-26 21:00:00",1509,11.57,406,0,-0.241,-0.84,-1.83,-0.076,-0.163,-0.18,-0.375,44.07,36.65
"2021-06-26 21:30:00",1510,11.56,406,0,-0.253,-0.98,-1.82,-0.088,-0.162,-0.191,-0.377,44.29,36.56
"2021-06-26 22:00:00",1511,11.56,406,0,-0.269,-1.09,-1.88,-0.098,-0.167,-0.202,-0.377,43.88,37.81
"2021-06-26 22:30:00",1512,11.55,406,0,-0.275,-1.18,-1.84,-0.106,-0.164,-0.206,-0.371,44.73,37
"2021-06-26 23:00:00",1513,11.55,406,0,-0.273,-1.19,-1.81,-0.106,-0.161,-0.203,-0.373,44.78,37.2
"2021-06-26 23:30:00",1514,11.55,406,0,-0.271,-1.15,-1.83,-0.103,-0.163,-0.201,-0.372,45.08,37.09
"2021-06-27 00:00:00",1515,11.54,406,0,-0.273,-1.2,-1.8,-0.107,-0.16,-0.204,-0.371,44.81,37.23
"2021-06-27 00:30:00",1516,11.54,406,0,-0.278,-1.2,-1.86,-0.107,-0.166,-0.202,-0.373,44.14,37.13
"2021-06-27 01:00:00",1517,11.54,406,0,-0.276,-1.2,-1.83,-0.107,-0.163,-0.208,-0.369,44.77,37.19
"2021-06-27 01:30:00",1518,11.54,406,0,-0.276,-1.2,-1.83,-0.107,-0.163,-0.202,-0.368,44.95,37.38
"2021-06-27 02:00:00",1519,11.54,406,0,-0.277,-1.19,-1.86,-0.106,-0.166,-0.199,-0.376,44.81,37.39
"2021-06-27 02:30:00",1520,11.53,406,0,-0.276,-1.2,-1.83,-0.107,-0.163,-0.205,-0.368,45.02,37.03
"2021-06-27 03:00:00",1521,11.53,406,0,-0.283,-1.24,-1.87,-0.111,-0.166,-0.203,-0.368,44.28,36.71
"2021-06-27 03:30:00",1522,11.53,406,0,-0.281,-1.23,-1.86,-0.11,-0.165,-0.205,-0.372,44.51,37.76
"2021-06-27 04:00:00",1523,11.52,406,0,-0.276,-1.2,-1.83,-0.107,-0.163,-0.203,-0.371,45.85,36.77
"2021-06-27 04:30:00",1524,11.52,406,0,-0.28,-1.24,-1.83,-0.11,-0.163,-0.206,-0.368,44.75,37.59
"2021-06-27 05:00:00",1525,11.52,406,0,-0.279,-1.23,-1.83,-0.11,-0.163,-0.205,-0.37,45.21,37.22
"2021-06-27 05:30:00",1526,11.52,406,0,-0.276,-1.2,-1.83,-0.107,-0.163,-0.202,-0.371,44.75,37.18
"2021-06-27 06:00:00",1527,11.51,406,0,-0.27,-1.15,-1.82,-0.103,-0.162,-0.196,-0.368,44.41,38.08
"2021-06-27 06:30:00",1528,11.51,406,0,-0.248,-0.93,-1.81,-0.083,-0.161,-0.181,-0.368,46.11,37.97
"2021-06-27 07:00:00",1529,11.51,406,0,-0.222,-0.71,-1.76,-0.064,-0.157,-0.162,-0.362,46.72,37.74
"2021-06-27 07:30:00",1530,11.51,406,0,-0.181,-0.4,-1.64,-0.037,-0.146,-0.141,-0.356,47.27,37.88
"2021-06-27 08:00:00",1531,11.5,406,0,-0.103,0.27,-1.5,0.024,-0.134,-0.081,-0.35,46.79,38.55
"2021-06-27 08:30:00",1532,11.5,406,0,0.005,1.27,-1.36,0.112,-0.121,-0.008,-0.344,48.39,38.34
"2021-06-27 09:00:00",1533,11.5,406,0,0.027,1.44,-1.3,0.127,-0.116,0.003,-0.344,49.34,38.29
"2021-06-27 09:30:00",1534,11.5,406,0,0.154,2.54,-1.08,0.224,-0.096,0.106,-0.33,46.05,38.75
"2021-06-27 10:00:00",1535,11.56,406,0,0.188,2.82,-1,0.25,-0.089,0.13,-0.321,50.18,39.72
"2021-06-27 10:30:00",1536,11.6,406,0,0.182,2.71,-0.95,0.24,-0.085,0.127,-0.315,50.71,39.01
"2021-06-27 11:00:00",1537,11.68,406,0,0.185,2.72,-0.92,0.241,-0.082,0.112,-0.31,45.83,39.93
"2021-06-27 11:30:00",1538,11.8,406,0,0.211,2.87,-0.79,0.254,-0.071,0.153,-0.298,50.82,39.7
"2021-06-27 12:00:00",1539,11.72,406,0,0.322,3.97,-0.76,0.352,-0.069,0.23,-0.304,54.36,39.63
"2021-06-27 12:30:00",1540,11.73,406,0,0.306,3.79,-0.74,0.335,-0.066,0.222,-0.296,48.69,40.31
"2021-06-27 13:00:00",1541,11.69,406,0,0.312,3.83,-0.71,0.339,-0.064,0.215,-0.312,47.94,39.56
"2021-06-27 13:30:00",1542,11.69,406,0,0.424,5.1,-0.85,0.452,-0.076,0.222,-0.347,46.72,37.25
"2021-06-27 14:00:00",1543,11.67,406,0,0.348,4.19,-0.7,0.371,-0.063,0.225,-0.314,49.43,39.24
"2021-06-27 14:30:00",1544,11.65,406,0,0.253,3.31,-0.81,0.293,-0.073,0.147,-0.32,44.15,38.25
"2021-06-27 15:00:00",1545,11.64,406,0,0.33,4.28,-1.01,0.379,-0.09,0.19,-0.349,45.36,36.98
"2021-06-27 15:30:00",1546,11.63,406,0,0.239,3.3,-0.95,0.293,-0.085,0.126,-0.335,44.42,37.54
"2021-06-27 16:00:00",1547,11.62,406,0,0.253,3.57,-1.1,0.316,-0.098,0.117,-0.355,44.68,36.31
"2021-06-27 16:30:00",1548,11.61,406,0,0.162,2.71,-1.18,0.24,-0.105,0.071,-0.354,43.91,37.6
"2021-06-27 17:00:00",1549,11.61,406,0,0.075,1.96,-1.33,0.173,-0.118,0.021,-0.358,45.12,36.99
"2021-06-27 17:30:00",1550,11.6,406,0,0.019,1.45,-1.41,0.128,-0.126,-0.016,-0.359,44.64,37.91
"2021-06-27 18:00:00",1551,11.6,406,0,-0.019,1.05,-1.41,0.093,-0.125,-0.037,-0.361,44.57,36.86
"2021-06-27 18:30:00",1552,11.59,406,0,-0.025,1.05,-1.47,0.093,-0.131,-0.043,-0.364,45.9,37.1
"2021-06-27 19:00:00",1553,11.58,406,0,-0.052,0.81,-1.51,0.072,-0.135,-0.062,-0.367,43.31,36.73
"2021-06-27 19:30:00",1554,11.58,406,0,-0.094,0.45,-1.59,0.04,-0.142,-0.09,-0.371,44.27,36.44
"2021-06-27 20:00:00",1555,11.57,406,0,-0.132,0.15,-1.69,0.013,-0.151,-0.116,-0.375,43.66,36.1
"2021-06-27 20:30:00",1556,11.57,406,0,-0.193,-0.41,-1.77,-0.038,-0.157,-0.158,-0.379,42.87,36.8
"2021-06-27 21:00:00",1557,11.56,406,0,-0.225,-0.71,-1.8,-0.064,-0.16,-0.177,-0.38,42.87,36.55
"2021-06-27 21:30:00",1558,11.56,406,0,-0.25,-0.9,-1.87,-0.081,-0.167,-0.191,-0.382,42.99,36.92
"2021-06-27 22:00:00",1559,11.55,406,0,-0.271,-1.12,-1.87,-0.1,-0.166,-0.202,-0.38,43.87,36.3
"2021-06-27 22:30:00",1560,11.54,406,0,-0.272,-1.14,-1.85,-0.102,-0.165,-0.21,-0.38,44.36,36.94
"2021-06-27 23:00:00",1561,11.54,406,0,-0.281,-1.24,-1.84,-0.111,-0.164,-0.208,-0.375,44.17,37.16
"2021-06-27 23:30:00",1562,11.53,406,0,-0.286,-1.28,-1.86,-0.114,-0.166,-0.212,-0.377,45.6,37.46
"2021-06-28 00:00:00",1563,11.52,406,0,-0.287,-1.31,-1.83,-0.117,-0.163,-0.214,-0.378,44.41,37.25
"2021-06-28 00:30:00",1564,11.52,406,0,-0.284,-1.27,-1.85,-0.113,-0.165,-0.211,-0.376,44.06,37.73
"2021-06-28 01:00:00",1565,11.52,406,0,-0.288,-1.31,-1.85,-0.117,-0.165,-0.214,-0.378,44.28,37.53
"2021-06-28 01:30:00",1566,11.51,406,0,-0.293,-1.35,-1.86,-0.121,-0.166,-0.209,-0.373,44.17,37.43
"2021-06-28 02:00:00",1567,11.51,406,0,-0.279,-1.24,-1.82,-0.11,-0.162,-0.208,-0.371,44.68,37.52
"2021-06-28 02:30:00",1568,11.5,406,0,-0.29,-1.29,-1.89,-0.115,-0.168,-0.213,-0.374,44.05,36.89
"2021-06-28 03:00:00",1569,11.5,406,0,-0.291,-1.33,-1.86,-0.119,-0.166,-0.211,-0.375,45.09,37.09
"2021-06-28 03:30:00",1570,11.5,406,0,-0.283,-1.29,-1.81,-0.115,-0.161,-0.21,-0.374,43.81,37.06
"2021-06-28 04:00:00",1571,11.49,406,0,-0.291,-1.33,-1.86,-0.118,-0.165,-0.213,-0.375,45.72,37.72
"2021-06-28 04:30:00",1572,11.49,406,0,-0.288,-1.32,-1.83,-0.118,-0.162,-0.21,-0.369,44.66,37.65
"2021-06-28 05:00:00",1573,11.48,406,0,-0.286,-1.28,-1.86,-0.114,-0.165,-0.21,-0.374,45.03,37.19
"2021-06-28 05:30:00",1574,11.48,406,0,-0.29,-1.31,-1.87,-0.117,-0.166,-0.209,-0.37,45.78,37.93
"2021-06-28 06:00:00",1575,11.48,406,0,-0.269,-1.17,-1.78,-0.104,-0.159,-0.201,-0.367,45,37.42
"2021-06-28 06:30:00",1576,11.48,406,0,-0.247,-0.95,-1.78,-0.085,-0.158,-0.179,-0.367,45.44,38.43
"2021-06-28 07:00:00",1577,11.47,406,0,-0.181,-0.37,-1.67,-0.034,-0.149,-0.139,-0.362,46.79,37.97
"2021-06-28 07:30:00",1578,11.47,406,0,-0.088,0.45,-1.53,0.04,-0.137,-0.074,-0.353,45.48,37.91
"2021-06-28 08:00:00",1579,11.47,406,0,-0.006,1.17,-1.39,0.104,-0.124,-0.016,-0.341,48.02,38.37
"2021-06-28 08:30:00",1580,11.46,406,0,0.077,1.9,-1.25,0.169,-0.111,0.042,-0.34,47.12,38.72
"2021-06-28 09:00:00",1581,11.47,406,0,0.164,2.64,-1.08,0.234,-0.096,0.105,-0.332,49.59,38.97
"2021-06-28 09:30:00",1582,11.47,406,0,0.235,3.29,-0.99,0.291,-0.089,0.149,-0.329,47.04,38.65
"2021-06-28 10:00:00",1583,11.51,406,0,0.251,3.41,-0.94,0.302,-0.084,0.181,-0.323,50.55,39.52
"2021-06-28 10:30:00",1584,11.51,406,0,0.28,3.46,-0.67,0.306,-0.06,0.224,-0.294,52.86,40.18
"2021-06-28 11:00:00",1585,11.75,406,0,0.36,4.36,-0.76,0.386,-0.068,0.256,-0.303,51.44,40.42
"2021-06-28 11:30:00",1586,11.83,406,0,0.358,4.08,-0.47,0.361,-0.042,0.285,-0.269,55.72,42.65
"2021-06-28 12:00:00",1587,11.72,406,0,0.271,3.38,-0.68,0.299,-0.061,0.207,-0.286,50.23,41.86
"2021-06-28 12:30:00",1588,11.69,406,0,0.306,3.86,-0.82,0.342,-0.073,0.209,-0.302,50.43,40.16
"2021-06-28 13:00:00",1589,11.67,406,0,0.334,3.96,-0.6,0.35,-0.054,0.242,-0.306,52.59,39
"2021-06-28 13:30:00",1590,11.67,406,0,0.425,5.12,-0.86,0.453,-0.077,0.233,-0.349,44.52,37.12
"2021-06-28 14:00:00",1591,11.64,406,0,0.234,2.93,-0.6,0.259,-0.054,0.185,-0.296,48.79,40.41
"2021-06-28 14:30:00",1592,11.63,406,0,0.23,3.19,-0.93,0.283,-0.083,0.113,-0.333,44.97,37.42
"2021-06-28 15:00:00",1593,11.62,406,0,0.229,3.32,-1.09,0.294,-0.098,0.133,-0.353,45.65,37.43
"2021-06-28 15:30:00",1594,11.61,406,0,0.125,2.16,-0.99,0.191,-0.088,0.061,-0.333,44.37,38.63
"2021-06-28 16:00:00",1595,11.6,406,0,0.156,2.72,-1.26,0.241,-0.113,0.046,-0.367,44.26,36.3
"2021-06-28 16:30:00",1596,11.6,406,0,0.104,2.22,-1.29,0.197,-0.115,0.038,-0.359,43.74,37.01
"2021-06-28 17:00:00",1597,11.59,406,0,0.038,1.65,-1.41,0.146,-0.126,-0.008,-0.366,44.07,36.1
"2021-06-28 17:30:00",1598,11.58,406,0,-0.027,1.04,-1.49,0.092,-0.133,-0.049,-0.367,43.68,36.96
"2021-06-28 18:00:00",1599,11.58,406,0,-0.058,0.73,-1.49,0.065,-0.133,-0.068,-0.364,43.88,36.89
"2021-06-28 18:30:00",1600,11.57,406,0,-0.052,0.81,-1.52,0.072,-0.136,-0.063,-0.366,46.23,37.43
"2021-06-28 19:00:00",1601,11.57,406,0,-0.062,0.76,-1.57,0.067,-0.14,-0.069,-0.372,43.65,37.75
"2021-06-28 19:30:00",1602,11.56,406,0,-0.112,0.3,-1.63,0.026,-0.145,-0.099,-0.374,44.5,37.09
"2021-06-28 20:00:00",1603,11.55,406,0,-0.153,-0.07,-1.69,-0.007,-0.15,-0.124,-0.374,44.08,36.93
"2021-06-28 20:30:00",1604,11.55,406,0,-0.193,-0.41,-1.77,-0.037,-0.158,-0.158,-0.379,44.55,36.73
"2021-06-28 21:00:00",1605,11.55,406,0,-0.228,-0.74,-1.8,-0.067,-0.16,-0.177,-0.382,44.33,36.92
"2021-06-28 21:30:00",1606,11.54,406,0,-0.255,-0.97,-1.85,-0.086,-0.164,-0.191,-0.381,43.71,36.55
"2021-06-28 22:00:00",1607,11.54,406,0,-0.268,-1.12,-1.83,-0.1,-0.163,-0.206,-0.38,43.16,36.98
"2021-06-28 22:30:00",1608,11.53,406,0,-0.28,-1.22,-1.86,-0.109,-0.165,-0.208,-0.381,44.19,36.77
"2021-06-28 23:00:00",1609,11.52,406,0,-0.287,-1.25,-1.9,-0.111,-0.169,-0.212,-0.381,44.16,37.82
"2021-06-28 23:30:00",1610,11.52,406,0,-0.29,-1.28,-1.9,-0.114,-0.169,-0.215,-0.379,44.09,37.35
"2021-06-29 00:00:00",1611,11.51,406,0,-0.293,-1.35,-1.86,-0.12,-0.166,-0.214,-0.373,44.2,37.29
"2021-06-29 00:30:00",1612,11.5,406,0,-0.291,-1.34,-1.85,-0.119,-0.165,-0.216,-0.379,44.82,37.4
"2021-06-29 01:00:00",1613,11.5,406,0,-0.285,-1.29,-1.84,-0.115,-0.164,-0.214,-0.377,44.15,37.66
"2021-06-29 01:30:00",1614,11.49,406,0,-0.287,-1.3,-1.85,-0.116,-0.165,-0.208,-0.373,44.68,37.67
"2021-06-29 02:00:00",1615,11.49,406,0,-0.293,-1.37,-1.84,-0.122,-0.164,-0.208,-0.375,44.58,37.83
"2021-06-29 02:30:00",1616,11.49,406,0,-0.293,-1.34,-1.87,-0.12,-0.167,-0.215,-0.373,44.04,37.29
"2021-06-29 03:00:00",1617,11.48,406,0,-0.29,-1.32,-1.86,-0.117,-0.166,-0.21,-0.375,45.45,38.03
"2021-06-29 03:30:00",1618,11.48,406,0,-0.282,-1.25,-1.84,-0.112,-0.164,-0.205,-0.37,45.55,38.13
"2021-06-29 04:00:00",1619,11.47,406,0,-0.284,-1.27,-1.84,-0.114,-0.164,-0.21,-0.372,44.45,37.97
"2021-06-29 04:30:00",1620,11.47,406,0,-0.283,-1.28,-1.82,-0.114,-0.162,-0.207,-0.371,45.16,37.17
"2021-06-29 05:00:00",1621,11.47,406,0,-0.286,-1.3,-1.84,-0.116,-0.164,-0.21,-0.371,44,37.67
"2021-06-29 05:30:00",1622,11.46,406,0,-0.283,-1.26,-1.84,-0.113,-0.164,-0.207,-0.371,44.63,37.88
"2021-06-29 06:00:00",1623,11.46,406,0,-0.277,-1.2,-1.84,-0.107,-0.164,-0.205,-0.372,44.52,37.77
"2021-06-29 06:30:00",1624,11.46,406,0,-0.261,-1.07,-1.8,-0.096,-0.16,-0.192,-0.37,44.56,37.81
"2021-06-29 07:00:00",1625,11.46,406,0,-0.209,-0.59,-1.75,-0.053,-0.156,-0.158,-0.365,45.3,37.98
"2021-06-29 07:30:00",1626,11.46,406,0,-0.14,-0.06,-1.55,-0.006,-0.138,-0.11,-0.355,47.11,38.45
"2021-06-29 08:00:00",1627,11.45,406,0,-0.069,0.6,-1.47,0.054,-0.131,-0.055,-0.351,48.9,38.84
"2021-06-29 08:30:00",1628,11.44,406,0,0,1.27,-1.42,0.112,-0.126,-0.013,-0.349,47.11,38.55
"2021-06-29 09:00:00",1629,11.44,406,0,0.087,2.02,-1.26,0.179,-0.112,0.06,-0.342,48.48,38.83
"2021-06-29 09:30:00",1630,11.44,406,0,0.156,2.56,-1.08,0.226,-0.096,0.088,-0.332,48.42,38.93
"2021-06-29 10:00:00",1631,11.48,406,0,0.231,3.2,-0.93,0.283,-0.083,0.167,-0.316,51.38,39.67
"2021-06-29 10:30:00",1632,11.54,406,0,0.266,3.42,-0.78,0.303,-0.07,0.208,-0.302,56.04,40.62
"2021-06-29 11:00:00",1633,11.73,406,0,0.277,3.63,-0.89,0.322,-0.08,0.189,-0.312,51.35,39.92
"2021-06-29 11:30:00",1634,11.78,406,0,0.295,3.61,-0.66,0.319,-0.059,0.227,-0.29,53.95,41.6
"2021-06-29 12:00:00",1635,11.68,406,0,0.33,4,-0.7,0.354,-0.063,0.245,-0.294,53.01,40.51
"2021-06-29 12:30:00",1636,11.65,406,0,0.299,3.75,-0.77,0.332,-0.069,0.215,-0.3,50.37,40.08
"2021-06-29 13:00:00",1637,11.63,406,0,0.323,3.91,-0.68,0.346,-0.061,0.235,-0.308,51.76,40.5
"2021-06-29 13:30:00",1638,11.63,406,0,0.417,5.04,-0.86,0.446,-0.077,0.226,-0.348,46.11,37.47
"2021-06-29 14:00:00",1639,11.62,406,0,0.23,2.95,-0.67,0.261,-0.06,0.167,-0.301,47.11,39.57
"2021-06-29 14:30:00",1640,11.6,406,0,0.252,3.37,-0.89,0.299,-0.079,0.152,-0.33,44.79,37.81
"2021-06-29 15:00:00",1641,11.59,406,0,0.291,3.82,-0.94,0.338,-0.084,0.18,-0.347,45.69,37.73
"2021-06-29 15:30:00",1642,11.57,406,0,0.165,2.56,-0.98,0.226,-0.087,0.077,-0.333,42.94,38.45
"2021-06-29 16:00:00",1643,11.57,406,0,0.214,3.23,-1.16,0.286,-0.104,0.074,-0.358,43.46,36.48
"2021-06-29 16:30:00",1644,11.55,406,0,0.13,2.48,-1.29,0.219,-0.115,0.045,-0.358,43.95,36.97
"2021-06-29 17:00:00",1645,11.55,406,0,0.07,1.91,-1.34,0.169,-0.12,0.019,-0.36,46.13,37.49
"2021-06-29 17:30:00",1646,11.54,406,0,0.004,1.31,-1.42,0.116,-0.127,-0.024,-0.363,45.2,36.82
"2021-06-29 18:00:00",1647,11.54,406,0,-0.022,1.04,-1.43,0.092,-0.128,-0.044,-0.363,44.45,37.46
"2021-06-29 18:30:00",1648,11.54,406,0,-0.035,0.94,-1.47,0.083,-0.131,-0.055,-0.366,44.33,37.61
"2021-06-29 19:00:00",1649,11.53,406,0,-0.057,0.75,-1.51,0.066,-0.135,-0.072,-0.371,45.27,37.15
"2021-06-29 19:30:00",1650,11.53,406,0,-0.098,0.41,-1.6,0.036,-0.143,-0.091,-0.373,44.19,36.9
"2021-06-29 20:00:00",1651,11.52,406,0,-0.154,-0.1,-1.67,-0.01,-0.149,-0.127,-0.376,44.17,37.02
"2021-06-29 20:30:00",1652,11.51,406,0,-0.199,-0.49,-1.75,-0.044,-0.156,-0.16,-0.378,44.7,37.29
"2021-06-29 21:00:00",1653,11.51,406,0,-0.231,-0.75,-1.82,-0.068,-0.162,-0.179,-0.381,43.93,36.78
"2021-06-29 21:30:00",1654,11.49,406,0,-0.255,-0.98,-1.84,-0.087,-0.164,-0.193,-0.381,44.97,36.58
"2021-06-29 22:00:00",1655,11.49,406,0,-0.265,-1.08,-1.84,-0.096,-0.164,-0.2,-0.379,43.68,36.95
"2021-06-29 22:30:00",1656,11.49,406,0,-0.271,-1.15,-1.83,-0.103,-0.163,-0.203,-0.38,44,37.94
"2021-06-29 23:00:00",1657,11.48,406,0,-0.281,-1.23,-1.86,-0.11,-0.165,-0.21,-0.38,44.12,37.53
"2021-06-29 23:30:00",1658,11.48,406,0,-0.276,-1.18,-1.86,-0.105,-0.166,-0.203,-0.38,44.84,37.42
"2021-06-30 00:00:00",1659,11.47,406,0,-0.282,-1.25,-1.85,-0.112,-0.165,-0.208,-0.377,43.9,37.16
"2021-06-30 00:30:00",1660,11.46,406,0,-0.297,-1.37,-1.88,-0.122,-0.167,-0.215,-0.382,43.48,37.99
"2021-06-30 01:00:00",1661,11.46,406,0,-0.281,-1.23,-1.86,-0.11,-0.166,-0.207,-0.379,45.24,37.41
"2021-06-30 01:30:00",1662,11.45,406,0,-0.271,-1.14,-1.84,-0.102,-0.164,-0.202,-0.374,44.77,38.45
"2021-06-30 02:00:00",1663,11.45,406,0,-0.272,-1.18,-1.81,-0.106,-0.161,-0.203,-0.376,45.66,37.94
"2021-06-30 02:30:00",1664,11.44,406,0,-0.274,-1.16,-1.85,-0.104,-0.165,-0.2,-0.375,44.2,38.45
"2021-06-30 03:00:00",1665,11.44,406,0,-0.278,-1.2,-1.85,-0.107,-0.165,-0.2,-0.375,44.73,37.57
"2021-06-30 03:30:00",1666,11.43,406,0,-0.275,-1.19,-1.83,-0.106,-0.163,-0.196,-0.374,44.62,37.47
"2021-06-30 04:00:00",1667,11.42,406,0,-0.283,-1.27,-1.83,-0.114,-0.163,-0.208,-0.374,44.99,37.68
"2021-06-30 04:30:00",1668,11.42,406,0,-0.269,-1.13,-1.83,-0.101,-0.163,-0.198,-0.373,43.89,37.56
"2021-06-30 05:00:00",1669,11.42,406,0,-0.264,-1.1,-1.81,-0.098,-0.161,-0.198,-0.374,43.71,38.21
"2021-06-30 05:30:00",1670,11.42,406,0,-0.271,-1.14,-1.84,-0.102,-0.164,-0.199,-0.374,45.06,37.9
"2021-06-30 06:00:00",1671,11.41,406,0,-0.239,-0.84,-1.81,-0.075,-0.161,-0.179,-0.372,45.15,38.41
"2021-06-30 06:30:00",1672,11.41,406,0,-0.203,-0.57,-1.7,-0.051,-0.151,-0.154,-0.366,44.85,38.52
"2021-06-30 07:00:00",1673,11.41,406,0,-0.157,-0.17,-1.62,-0.016,-0.145,-0.126,-0.362,45.57,38.26
"2021-06-30 07:30:00",1674,11.4,406,0,-0.03,0.99,-1.46,0.088,-0.13,-0.035,-0.35,46.35,38.62
"2021-06-30 08:00:00",1675,11.38,406,0,0.089,1.98,-1.2,0.175,-0.107,0.048,-0.34,46.87,39.3
"2021-06-30 08:30:00",1676,11.4,406,0,0.176,2.75,-1.06,0.243,-0.095,0.099,-0.336,45.66,39.33
"2021-06-30 09:00:00",1677,11.4,406,0,0.231,3.22,-0.96,0.285,-0.086,0.144,-0.329,49.12,39.07
"2021-06-30 09:30:00",1678,11.4,406,0,0.281,3.67,-0.89,0.325,-0.079,0.187,-0.326,47.4,39.83
"2021-06-30 10:00:00",1679,11.43,406,0,0.282,3.6,-0.8,0.319,-0.072,0.209,-0.313,50.12,40.22
"2021-06-30 10:30:00",1680,11.47,406,0,0.308,3.76,-0.68,0.333,-0.061,0.241,-0.298,51.26,41.22
"2021-06-30 11:00:00",1681,11.71,406,0,0.321,3.83,-0.61,0.339,-0.054,0.247,-0.291,53.08,41.65
"2021-06-30 11:30:00",1682,11.76,406,0,0.325,3.83,-0.56,0.339,-0.05,0.26,-0.279,53.9,42.38
"2021-06-30 12:00:00",1683,11.64,406,0,0.264,3.31,-0.68,0.293,-0.061,0.205,-0.281,49.85,42.05
"2021-06-30 12:30:00",1684,11.63,406,0,0.3,3.76,-0.77,0.332,-0.069,0.219,-0.296,49.77,41.82
"2021-06-30 13:00:00",1685,11.6,406,0,0.327,3.95,-0.68,0.35,-0.061,0.226,-0.317,51.88,39.12
"2021-06-30 13:30:00",1686,11.6,406,0,0.38,4.73,-0.94,0.419,-0.084,0.202,-0.354,47.03,37.42
"2021-06-30 14:00:00",1687,11.58,406,0,0.2,2.75,-0.79,0.244,-0.071,0.141,-0.309,46.7,38.74
"2021-06-30 14:30:00",1688,11.56,406,0,0.231,3.27,-1.01,0.29,-0.09,0.111,-0.342,43.54,37.5
"2021-06-30 15:00:00",1689,11.55,406,0,0.239,3.37,-1.03,0.298,-0.092,0.137,-0.353,45.39,37.27
"2021-06-30 15:30:00",1690,11.55,406,0,0.158,2.42,-0.9,0.214,-0.08,0.088,-0.327,44.39,38.91
"2021-06-30 16:00:00",1691,11.53,406,0,0.198,3.06,-1.16,0.271,-0.103,0.083,-0.358,43.25,37.36
"2021-06-30 16:30:00",1692,11.53,406,0,0.106,2.25,-1.3,0.199,-0.116,0.04,-0.357,43.35,37.87
"2021-06-30 17:00:00",1693,11.52,406,0,0.055,1.74,-1.32,0.154,-0.118,0.008,-0.36,46.9,36.45
"2021-06-30 17:30:00",1694,11.51,406,0,0,1.26,-1.41,0.112,-0.126,-0.03,-0.364,44.87,36.76
"2021-06-30 18:00:00",1695,11.51,406,0,-0.029,1.01,-1.48,0.09,-0.132,-0.044,-0.364,44.98,38.1
"2021-06-30 18:30:00",1696,11.5,406,0,-0.039,0.95,-1.52,0.084,-0.136,-0.056,-0.368,43.71,37.97
"2021-06-30 19:00:00",1697,11.5,406,0,-0.044,0.87,-1.49,0.077,-0.133,-0.058,-0.371,45.22,37.92
"2021-06-30 19:30:00",1698,11.49,406,0,-0.083,0.53,-1.56,0.047,-0.139,-0.081,-0.37,43.37,37.72
"2021-06-30 20:00:00",1699,11.48,406,0,-0.127,0.15,-1.63,0.013,-0.145,-0.112,-0.375,46.15,37.35
"2021-06-30 20:30:00",1700,11.48,406,0,-0.173,-0.26,-1.7,-0.024,-0.152,-0.144,-0.378,44.31,36.59
"2021-06-30 21:00:00",1701,11.48,406,0,-0.206,-0.52,-1.79,-0.047,-0.159,-0.159,-0.379,43.27,37.37
"2021-06-30 21:30:00",1702,11.47,406,0,-0.234,-0.82,-1.78,-0.073,-0.158,-0.176,-0.375,42.96,37.32
"2021-06-30 22:00:00",1703,11.47,406,0,-0.237,-0.84,-1.79,-0.076,-0.16,-0.18,-0.376,43.09,37.6
"2021-06-30 22:30:00",1704,11.45,406,0,-0.25,-0.95,-1.81,-0.085,-0.161,-0.183,-0.375,44.67,37.79
"2021-06-30 23:00:00",1705,11.46,406,0,-0.242,-0.91,-1.77,-0.081,-0.158,-0.185,-0.374,44.78,37.79
"2021-06-30 23:30:00",1706,11.45,406,0,-0.247,-0.93,-1.8,-0.083,-0.16,-0.187,-0.375,46.2,37.65
"2021-07-01 00:00:00",1707,11.44,406,0,-0.259,-1.05,-1.8,-0.094,-0.16,-0.19,-0.374,44.69,37.13
"2021-07-01 00:30:00",1708,11.43,406,0,-0.26,-1.03,-1.84,-0.092,-0.163,-0.192,-0.376,44.11,38.37
"2021-07-01 01:00:00",1709,11.43,406,0,-0.266,-1.11,-1.82,-0.099,-0.162,-0.201,-0.375,43.16,37.92
"2021-07-01 01:30:00",1710,11.42,406,0,-0.267,-1.08,-1.86,-0.096,-0.165,-0.202,-0.378,44.5,37.2
"2021-07-01 02:00:00",1711,11.42,406,0,-0.265,-1.07,-1.85,-0.096,-0.164,-0.194,-0.376,44.88,38.14
"2021-07-01 02:30:00",1712,11.42,406,0,-0.261,-1.08,-1.8,-0.096,-0.16,-0.197,-0.38,44.41,37.67
"2021-07-01 03:00:00",1713,11.41,406,0,-0.268,-1.15,-1.8,-0.103,-0.16,-0.203,-0.377,44.56,37.82
"2021-07-01 03:30:00",1714,11.4,406,0,-0.277,-1.19,-1.86,-0.106,-0.166,-0.203,-0.379,44.58,37.84
"2021-07-01 04:00:00",1715,11.38,406,0,-0.274,-1.2,-1.81,-0.107,-0.161,-0.204,-0.375,44.95,38.47
"2021-07-01 04:30:00",1716,11.39,406,0,-0.271,-1.12,-1.87,-0.1,-0.167,-0.198,-0.377,44.27,37.94
"2021-07-01 05:00:00",1717,11.39,406,0,-0.271,-1.15,-1.83,-0.103,-0.163,-0.2,-0.377,44.07,37.59
"2021-07-01 05:30:00",1718,11.38,406,0,-0.275,-1.12,-1.91,-0.1,-0.17,-0.202,-0.377,44.11,37.79
"2021-07-01 06:00:00",1719,11.38,406,0,-0.24,-0.84,-1.82,-0.075,-0.162,-0.179,-0.377,45.74,37.75
"2021-07-01 06:30:00",1720,11.38,406,0,-0.235,-0.81,-1.8,-0.073,-0.16,-0.178,-0.373,45.48,38.06
"2021-07-01 07:00:00",1721,11.37,406,0,-0.174,-0.28,-1.69,-0.026,-0.151,-0.134,-0.37,46.31,38.17
"2021-07-01 07:30:00",1722,11.37,406,0,-0.065,0.68,-1.52,0.06,-0.135,-0.058,-0.36,46.76,37.94
"2021-07-01 08:00:00",1723,11.36,406,0,0.059,1.7,-1.23,0.151,-0.11,0.032,-0.342,47.02,39.45
"2021-07-01 08:30:00",1724,11.36,406,0,0.104,2.11,-1.17,0.187,-0.105,0.062,-0.337,46.75,38.93
"2021-07-01 09:00:00",1725,11.35,406,0,0.175,2.76,-1.08,0.244,-0.097,0.109,-0.332,47.72,39.48
"2021-07-01 09:30:00",1726,11.36,406,0,0.259,3.51,-0.96,0.311,-0.086,0.166,-0.331,48.1,39.87
"2021-07-01 10:00:00",1727,11.39,406,0,0.32,4.05,-0.87,0.359,-0.078,0.227,-0.318,53.67,39.9
"2021-07-01 10:30:00",1728,11.44,406,0,0.22,2.98,-0.82,0.264,-0.073,0.175,-0.306,49.46,40.66
"2021-07-01 11:00:00",1729,11.52,406,0,0.266,3.32,-0.67,0.293,-0.06,0.208,-0.293,50.7,41.65
"2021-07-01 11:30:00",1730,11.68,406,0,0.286,3.45,-0.59,0.305,-0.053,0.222,-0.277,54.26,41.92
"2021-07-01 12:00:00",1731,11.59,406,0,0.287,3.55,-0.68,0.314,-0.061,0.22,-0.287,52.29,41.29
"2021-07-01 12:30:00",1732,11.57,406,0,0.282,3.57,-0.76,0.316,-0.068,0.203,-0.299,48.27,40.88
"2021-07-01 13:00:00",1733,11.54,406,0,0.302,3.75,-0.74,0.331,-0.066,0.207,-0.316,49.99,39.14
"2021-07-01 13:30:00",1734,11.54,406,0,0.36,4.6,-1.02,0.407,-0.091,0.184,-0.358,45.19,36.39
"2021-07-01 14:00:00",1735,11.53,406,0,0.284,3.55,-0.72,0.314,-0.065,0.196,-0.311,49.86,39.84
"2021-07-01 14:30:00",1736,11.51,406,0,0.2,2.82,-0.87,0.249,-0.078,0.102,-0.333,42.46,38.38
"2021-07-01 15:00:00",1737,11.51,406,0,0.304,3.97,-0.96,0.351,-0.086,0.197,-0.349,51.9,38.71
"2021-07-01 15:30:00",1738,11.5,406,0,0.169,2.6,-0.97,0.23,-0.087,0.101,-0.338,44.69,38.39
"2021-07-01 16:00:00",1739,11.49,406,0,0.06,1.89,-1.43,0.167,-0.127,-0.015,-0.38,40.81,36.16
"2021-07-01 16:30:00",1740,11.48,406,0,-0.118,0.72,-2.17,0.064,-0.193,-0.213,-0.435,38.04,34.88
"2021-07-01 17:00:00",1741,11.47,406,0,-0.255,-0.84,-2,-0.076,-0.178,-0.197,-0.41,42.44,36.11
"2021-07-01 17:30:00",1742,11.47,406,0,-0.317,-1.43,-2.04,-0.128,-0.181,-0.232,-0.4,42.43,37.09
"2021-07-01 18:00:00",1743,11.46,406,0,-0.315,-1.44,-2.01,-0.128,-0.179,-0.232,-0.394,43.22,36.89
"2021-07-01 18:30:00",1744,11.45,406,0,-0.3,-1.37,-1.92,-0.122,-0.171,-0.221,-0.386,44.25,37.08
"2021-07-01 19:00:00",1745,11.44,406,0,-0.318,-1.55,-1.92,-0.138,-0.171,-0.229,-0.38,44.72,37.4
"2021-07-01 19:30:00",1746,11.43,406,0,-0.318,-1.53,-1.94,-0.136,-0.173,-0.233,-0.382,43.67,36.92
"2021-07-01 20:00:00",1747,11.43,406,0,-0.311,-1.44,-1.97,-0.129,-0.175,-0.224,-0.384,43.83,37.76
"2021-07-01 20:30:00",1748,11.42,406,0,-0.316,-1.53,-1.92,-0.136,-0.171,-0.231,-0.377,44.7,37.96
"2021-07-01 21:00:00",1749,11.41,406,0,-0.306,-1.42,-1.93,-0.126,-0.172,-0.223,-0.382,44.91,37.75
"2021-07-01 21:30:00",1750,11.4,406,0,-0.306,-1.44,-1.91,-0.128,-0.17,-0.227,-0.381,45.04,37.87
"2021-07-01 22:00:00",1751,11.4,406,0,-0.307,-1.44,-1.92,-0.129,-0.171,-0.217,-0.378,44.88,37.87
"2021-07-01 22:30:00",1752,11.39,406,0,-0.311,-1.49,-1.91,-0.133,-0.17,-0.226,-0.377,43.77,37.86
"2021-07-01 23:00:00",1753,11.39,406,0,-0.295,-1.39,-1.84,-0.124,-0.164,-0.218,-0.375,46.43,38.02
"2021-07-01 23:30:00",1754,11.38,406,0,-0.317,-1.54,-1.92,-0.138,-0.171,-0.228,-0.379,45.12,38.22
"2021-07-02 00:00:00",1755,11.38,406,0,-0.307,-1.47,-1.88,-0.131,-0.167,-0.219,-0.377,44.67,38.34
"2021-07-02 00:30:00",1756,11.37,406,0,-0.308,-1.51,-1.85,-0.135,-0.164,-0.228,-0.375,46.5,38.67
"2021-07-02 01:00:00",1757,11.36,406,0,-0.306,-1.46,-1.89,-0.13,-0.168,-0.224,-0.376,44.18,38.27
"2021-07-02 01:30:00",1758,11.36,406,0,-0.309,-1.49,-1.89,-0.133,-0.168,-0.227,-0.376,44.19,38.43
"2021-07-02 02:00:00",1759,11.36,406,0,-0.312,-1.52,-1.89,-0.135,-0.168,-0.229,-0.376,45.5,37.92
"2021-07-02 02:30:00",1760,11.35,406,0,-0.303,-1.45,-1.86,-0.13,-0.165,-0.224,-0.375,44.41,38.34
"2021-07-02 03:00:00",1761,11.35,406,0,-0.306,-1.47,-1.87,-0.131,-0.167,-0.223,-0.372,44.02,39.09
"2021-07-02 03:30:00",1762,11.35,406,0,-0.317,-1.53,-1.93,-0.136,-0.172,-0.231,-0.376,43.76,37.99
"2021-07-02 04:00:00",1763,11.34,406,0,-0.311,-1.52,-1.87,-0.136,-0.167,-0.23,-0.375,43.98,37.8
"2021-07-02 04:30:00",1764,11.34,406,0,-0.323,-1.61,-1.91,-0.144,-0.17,-0.231,-0.378,43.59,38.76
"2021-07-02 05:00:00",1765,11.34,406,0,-0.311,-1.5,-1.9,-0.134,-0.169,-0.226,-0.373,45.1,38.61
"2021-07-02 05:30:00",1766,11.33,406,0,-0.319,-1.53,-1.95,-0.137,-0.174,-0.228,-0.377,44.59,38.25
"2021-07-02 06:00:00",1767,11.32,406,0,-0.335,-1.73,-1.92,-0.154,-0.171,-0.244,-0.379,43.49,38.66
"2021-07-02 06:30:00",1768,11.33,406,0,-0.311,-1.46,-1.94,-0.13,-0.172,-0.226,-0.377,44.17,38.93
"2021-07-02 07:00:00",1769,11.32,406,0,-0.362,-1.98,-1.95,-0.176,-0.174,-0.258,-0.38,43.5,37.58
"2021-07-02 07:30:00",1770,11.31,406,0,-0.324,-1.61,-1.92,-0.143,-0.171,-0.232,-0.375,45.28,38.69
"2021-07-02 08:00:00",1771,11.31,406,0,-0.307,-1.5,-1.85,-0.134,-0.164,-0.221,-0.369,45.23,38.89
"2021-07-02 08:30:00",1772,11.31,406,0,-0.307,-1.44,-1.92,-0.128,-0.17,-0.222,-0.372,45.89,38.98
"2021-07-02 09:00:00",1773,11.3,406,0,-0.283,-1.28,-1.82,-0.114,-0.162,-0.207,-0.366,47.24,38.67
"2021-07-02 09:30:00",1774,11.3,406,0,-0.297,-1.36,-1.89,-0.121,-0.168,-0.21,-0.37,45.68,39.35
"2021-07-02 10:00:00",1775,11.3,406,0,-0.305,-1.4,-1.94,-0.124,-0.172,-0.219,-0.374,46.53,39.2
"2021-07-02 10:30:00",1776,11.29,406,0,-0.315,-1.51,-1.93,-0.134,-0.171,-0.222,-0.372,44.59,39.09
"2021-07-02 11:00:00",1777,11.28,406,0,-0.278,-1.24,-1.81,-0.111,-0.161,-0.207,-0.364,46.27,39.51
"2021-07-02 11:30:00",1778,11.28,406,0,-0.256,-1.07,-1.75,-0.095,-0.155,-0.187,-0.361,46.58,38.99
"2021-07-02 12:00:00",1779,11.28,406,0,-0.256,-1.03,-1.79,-0.092,-0.159,-0.182,-0.361,46.56,39.39
"2021-07-02 12:30:00",1780,11.27,406,0,-0.23,-0.77,-1.79,-0.069,-0.16,-0.178,-0.367,46.81,39.24
"2021-07-02 13:00:00",1781,11.27,406,0,-0.242,-0.93,-1.74,-0.083,-0.155,-0.178,-0.363,44.79,39.28
"2021-07-02 13:30:00",1782,11.27,406,0,-0.143,-0.03,-1.62,-0.003,-0.145,-0.107,-0.361,48.1,39.28
"2021-07-02 14:00:00",1783,11.27,406,0,-0.108,0.28,-1.56,0.025,-0.139,-0.083,-0.354,47.93,39.52
"2021-07-02 14:30:00",1784,11.26,406,0,-0.041,0.79,-1.37,0.07,-0.122,-0.034,-0.339,50.07,40.41
"2021-07-02 15:00:00",1785,11.27,406,0,-0.013,1.1,-1.39,0.097,-0.123,-0.022,-0.347,47.37,39.79
"2021-07-02 15:30:00",1786,11.26,406,0,-0.028,0.9,-1.34,0.08,-0.119,-0.031,-0.341,46.73,39.73
"2021-07-02 16:00:00",1787,11.25,406,0,-0.001,1.19,-1.36,0.105,-0.122,-0.02,-0.344,46.64,39.33
"2021-07-02 16:30:00",1788,11.25,406,0,0.004,1.3,-1.41,0.115,-0.126,-0.014,-0.352,46.69,38.96
"2021-07-02 17:00:00",1789,11.25,406,0,0.05,1.7,-1.33,0.151,-0.118,0.014,-0.347,47.32,39.17
"2021-07-02 17:30:00",1790,11.24,406,0,0.017,1.41,-1.38,0.125,-0.123,-0.012,-0.348,45.35,39.28
"2021-07-02 18:00:00",1791,11.24,406,0,0,1.27,-1.42,0.112,-0.127,-0.017,-0.352,46.17,38.75
"2021-07-02 18:30:00",1792,11.23,406,0,-0.045,0.84,-1.47,0.074,-0.131,-0.052,-0.357,45.65,38.5
"2021-07-02 19:00:00",1793,11.23,406,0,-0.084,0.49,-1.52,0.043,-0.135,-0.074,-0.358,46.08,38.91
"2021-07-02 19:30:00",1794,11.22,406,0,-0.09,0.46,-1.56,0.04,-0.139,-0.081,-0.36,45.91,38.33
"2021-07-02 20:00:00",1795,11.22,406,0,-0.113,0.27,-1.61,0.024,-0.143,-0.096,-0.364,46.45,39.13
"2021-07-02 20:30:00",1796,11.22,406,0,-0.085,0.56,-1.61,0.05,-0.143,-0.083,-0.364,45.31,38.3
"2021-07-02 21:00:00",1797,11.22,406,0,-0.155,-0.07,-1.71,-0.007,-0.152,-0.129,-0.37,44.49,39.24
"2021-07-02 21:30:00",1798,11.21,406,0,-0.169,-0.19,-1.74,-0.017,-0.155,-0.132,-0.372,43.82,38.06
"2021-07-02 22:00:00",1799,11.2,406,0,-0.196,-0.43,-1.78,-0.039,-0.159,-0.154,-0.374,44.26,38.34
"2021-07-02 22:30:00",1800,11.2,406,0,-0.215,-0.62,-1.78,-0.056,-0.158,-0.166,-0.374,43.56,38.47
"2021-07-02 23:00:00",1801,11.2,406,0,-0.233,-0.78,-1.81,-0.07,-0.161,-0.171,-0.371,44.76,38.01
"2021-07-02 23:30:00",1802,11.2,406,0,-0.243,-0.86,-1.84,-0.077,-0.164,-0.184,-0.376,44.52,38.86
"2021-07-03 00:00:00",1803,11.18,406,0,-0.243,-0.89,-1.8,-0.079,-0.16,-0.186,-0.369,45.15,38.24
"2021-07-03 00:30:00",1804,11.18,406,0,-0.253,-1.02,-1.77,-0.091,-0.158,-0.191,-0.371,44.93,38.59
"2021-07-03 01:00:00",1805,11.17,406,0,-0.263,-1.06,-1.84,-0.095,-0.164,-0.193,-0.373,45.36,37.77
"2021-07-03 01:30:00",1806,11.17,406,0,-0.264,-1.06,-1.85,-0.095,-0.164,-0.194,-0.375,44.44,38.25
"2021-07-03 02:00:00",1807,11.17,406,0,-0.256,-1.01,-1.81,-0.09,-0.161,-0.19,-0.37,45.59,39.24
"2021-07-03 02:30:00",1808,11.16,406,0,-0.265,-1.05,-1.87,-0.094,-0.167,-0.199,-0.372,44.06,38.14
"2021-07-03 03:00:00",1809,11.16,406,0,-0.27,-1.1,-1.87,-0.098,-0.167,-0.194,-0.373,44.27,38.35
"2021-07-03 03:30:00",1810,11.15,406,0,-0.269,-1.09,-1.88,-0.098,-0.167,-0.202,-0.373,45.37,37.78
"2021-07-03 04:00:00",1811,11.15,406,0,-0.275,-1.16,-1.87,-0.103,-0.166,-0.201,-0.371,44.17,38.66
"2021-07-03 04:30:00",1812,11.14,406,0,-0.275,-1.16,-1.87,-0.104,-0.166,-0.202,-0.371,46.65,38.08
"2021-07-03 05:00:00",1813,11.13,406,0,-0.276,-1.2,-1.83,-0.107,-0.163,-0.199,-0.371,46.61,38.45
"2021-07-03 05:30:00",1814,11.12,406,0,-0.273,-1.14,-1.87,-0.101,-0.167,-0.206,-0.372,43.61,39.19
"2021-07-03 06:00:00",1815,11.12,406,0,-0.269,-1.09,-1.88,-0.098,-0.167,-0.194,-0.373,45.05,39.13
"2021-07-03 06:30:00",1816,11.12,406,0,-0.24,-0.89,-1.77,-0.079,-0.157,-0.181,-0.366,45.58,39.24
"2021-07-03 07:00:00",1817,11.11,406,0,-0.18,-0.34,-1.69,-0.031,-0.151,-0.139,-0.36,45.51,38.75
"2021-07-03 07:30:00",1818,11.09,406,0,-0.093,0.42,-1.55,0.037,-0.138,-0.073,-0.358,46.49,39.58
"2021-07-03 08:00:00",1819,11.09,406,0,-0.017,1.03,-1.36,0.091,-0.121,-0.023,-0.341,49.21,40.11
"2021-07-03 08:30:00",1820,11.09,406,0,0.074,1.91,-1.29,0.169,-0.115,0.035,-0.339,45.76,39.42
"2021-07-03 09:00:00",1821,11.08,406,0,0.13,2.38,-1.18,0.211,-0.105,0.079,-0.335,46.71,39.54
"2021-07-03 09:30:00",1822,11.08,406,0,0.153,2.55,-1.1,0.225,-0.098,0.093,-0.327,48.89,40.05
"2021-07-03 10:00:00",1823,11.15,406,0,0.155,2.52,-1.04,0.223,-0.093,0.108,-0.319,49.02,40.6
"2021-07-03 10:30:00",1824,11.15,406,0,0.211,2.77,-0.68,0.246,-0.062,0.196,-0.287,63.5,42.64
"2021-07-03 11:00:00",1825,11.52,406,0,0.294,3.55,-0.61,0.314,-0.055,-99,-0.278,-99,43.34
"2021-07-03 11:30:00",1826,11.62,406,0,0.229,3,-0.74,0.265,-0.066,0.188,-0.281,49.33,42.19
"2021-07-03 12:00:00",1827,11.43,406,0,0.203,3.08,-1.12,0.272,-0.1,0.113,-0.31,45.14,40.06
"2021-07-03 12:30:00",1828,11.39,406,0,0.259,3.37,-0.81,0.298,-0.073,0.221,-0.305,61.5,41.5
"2021-07-03 13:00:00",1829,11.42,406,0,0.305,3.79,-0.75,0.335,-0.067,0.252,-0.301,59.38,41.19
"2021-07-03 13:30:00",1830,11.4,406,0,0.387,4.8,-0.94,0.425,-0.084,0.241,-0.343,46.77,38.62
"2021-07-03 14:00:00",1831,11.37,406,0,0.182,2.66,-0.89,0.236,-0.08,0.127,-0.31,47.15,40.83
"2021-07-03 14:30:00",1832,11.35,406,0,0.15,2.52,-1.1,0.223,-0.098,0.069,-0.329,41.96,40.04
"2021-07-03 15:00:00",1833,11.34,406,0,0.254,3.64,-1.17,0.322,-0.104,0.134,-0.357,45.86,37.88
"2021-07-03 15:30:00",1834,11.31,406,0,0.089,1.92,-1.13,0.17,-0.101,0.033,-0.33,42.04,38.62
"2021-07-03 16:00:00",1835,11.31,406,0,0.173,2.86,-1.22,0.253,-0.109,0.088,-0.354,44.37,38.45
"2021-07-03 16:30:00",1836,11.29,406,0,0.08,1.99,-1.31,0.176,-0.116,0.024,-0.353,43.52,38.86
"2021-07-03 17:00:00",1837,11.28,406,0,0.022,1.53,-1.46,0.136,-0.13,0,-0.362,47.07,38
"2021-07-03 17:30:00",1838,11.26,406,0,-0.011,1.23,-1.52,0.109,-0.135,-0.032,-0.361,44.33,38
"2021-07-03 18:00:00",1839,11.25,406,0,-0.037,0.98,-1.53,0.086,-0.137,-0.049,-0.365,44.59,38.52
"2021-07-03 18:30:00",1840,11.24,406,0,-0.077,0.6,-1.57,0.053,-0.14,-0.083,-0.371,45.25,37.67
"2021-07-03 19:00:00",1841,11.23,406,0,-0.16,-0.11,-1.72,-0.011,-0.153,-0.127,-0.375,44.22,38.3
"2021-07-03 19:30:00",1842,11.23,406,0,-0.161,-0.19,-1.65,-0.017,-0.147,-0.128,-0.368,43.94,38.44
"2021-07-03 20:00:00",1843,11.22,406,0,-0.196,-0.47,-1.73,-0.043,-0.154,-0.161,-0.374,45.36,38.19
"2021-07-03 20:30:00",1844,11.21,406,0,-0.252,-0.94,-1.85,-0.084,-0.165,-0.194,-0.377,43.21,38.53
"2021-07-03 21:00:00",1845,11.2,406,0,-0.278,-1.13,-1.93,-0.101,-0.172,-0.22,-0.388,42.89,38.22
"2021-07-03 21:30:00",1846,11.2,406,0,-0.292,-1.27,-1.94,-0.113,-0.172,-0.225,-0.389,42.86,37.35
"2021-07-03 22:00:00",1847,11.19,406,0,-0.308,-1.39,-1.99,-0.124,-0.177,-0.225,-0.387,43.08,37.83
"2021-07-03 22:30:00",1848,11.17,406,0,-0.312,-1.46,-1.95,-0.13,-0.173,-0.227,-0.383,43.97,38.3
"2021-07-03 23:00:00",1849,11.17,406,0,-0.311,-1.44,-1.96,-0.129,-0.174,-0.229,-0.382,44.07,37.72
"2021-07-03 23:30:00",1850,11.16,406,0,-0.312,-1.46,-1.95,-0.13,-0.173,-0.225,-0.379,44.88,38.13
"2021-07-04 00:00:00",1851,11.14,406,0,-0.285,-1.29,-1.84,-0.115,-0.164,-0.212,-0.372,45.61,39.27
"2021-07-04 00:30:00",1852,11.13,406,0,-0.289,-1.3,-1.87,-0.116,-0.166,-0.213,-0.371,45.48,38.58
"2021-07-04 01:00:00",1853,11.12,406,0,-0.285,-1.28,-1.84,-0.114,-0.163,-0.215,-0.369,46,38.83
"2021-07-04 01:30:00",1854,11.11,406,0,-0.292,-1.31,-1.89,-0.117,-0.169,-0.211,-0.374,46.23,38.39
"2021-07-04 02:00:00",1855,11.11,406,0,-0.289,-1.29,-1.88,-0.115,-0.168,-0.21,-0.371,45.44,39.36
"2021-07-04 02:30:00",1856,11.11,406,0,-0.285,-1.28,-1.85,-0.115,-0.164,-0.207,-0.369,46.18,39.01
"2021-07-04 03:00:00",1857,11.09,406,0,-0.288,-1.3,-1.86,-0.116,-0.165,-0.211,-0.373,44.82,38.9
"2021-07-04 03:30:00",1858,11.08,406,0,-0.293,-1.32,-1.89,-0.118,-0.168,-0.213,-0.371,44.63,38.97
"2021-07-04 04:00:00",1859,11.07,406,0,-0.302,-1.41,-1.89,-0.125,-0.168,-0.217,-0.372,44.52,38.18
"2021-07-04 04:30:00",1860,11.06,406,0,-0.293,-1.3,-1.91,-0.116,-0.17,-0.209,-0.373,44.18,38.4
"2021-07-04 05:00:00",1861,11.06,406,0,-0.294,-1.33,-1.89,-0.118,-0.168,-0.215,-0.375,44.44,39.18
"2021-07-04 05:30:00",1862,11.06,406,0,-0.299,-1.37,-1.9,-0.122,-0.169,-0.218,-0.375,45.17,38.57
"2021-07-04 06:00:00",1863,11.04,406,0,-0.294,-1.33,-1.89,-0.119,-0.168,-0.218,-0.372,44.65,38.73
"2021-07-04 06:30:00",1864,11.03,406,0,-0.262,-1.07,-1.82,-0.095,-0.162,-0.192,-0.37,45.62,38.86
"2021-07-04 07:00:00",1865,11.03,406,0,-0.227,-0.74,-1.78,-0.066,-0.158,-0.17,-0.368,45.74,38.83
"2021-07-04 07:30:00",1866,11.01,406,0,-0.138,0,-1.59,0,-0.142,-0.108,-0.355,47.22,39.48
"2021-07-04 08:00:00",1867,11.01,406,0,-0.076,0.59,-1.54,0.052,-0.137,-0.049,-0.348,49.57,39.91
"2021-07-04 08:30:00",1868,11,406,0,0.061,1.79,-1.3,0.158,-0.116,0.033,-0.341,48.8,39.82
"2021-07-04 09:00:00",1869,11,406,0,0.149,2.47,-1.06,0.219,-0.095,0.097,-0.327,48.76,40.34
"2021-07-04 09:30:00",1870,11.01,406,0,0.217,3.11,-0.99,0.275,-0.089,0.141,-0.321,48.6,40.19
"2021-07-04 10:00:00",1871,11.06,406,0,0.331,4.09,-0.78,0.362,-0.07,0.238,-0.309,51.62,41.3
"2021-07-04 10:30:00",1872,11.14,406,0,0.277,3.4,-0.63,0.301,-0.057,0.216,-0.289,52.85,41.81
"2021-07-04 11:00:00",1873,11.49,406,0,0.302,3.65,-0.62,0.323,-0.056,0.24,-0.278,54.79,42.67
"2021-07-04 11:30:00",1874,11.56,406,0,0.311,3.68,-0.56,0.326,-0.051,0.262,-0.264,57.41,43.91
"2021-07-04 12:00:00",1875,11.42,406,0,0.3,3.66,-0.66,0.324,-0.059,0.246,-0.275,53.02,43.24
"2021-07-04 12:30:00",1876,11.35,406,0,0.31,3.81,-0.71,0.337,-0.063,0.24,-0.284,50.59,42.36
"2021-07-04 13:00:00",1877,11.31,406,0,0.348,4.15,-0.66,0.367,-0.059,0.262,-0.302,54.08,40.72
"2021-07-04 13:30:00",1878,11.31,406,0,0.459,5.56,-0.96,0.492,-0.086,0.231,-0.352,45.37,38.22
"2021-07-04 14:00:00",1879,11.3,406,0,0.273,3.37,-0.64,0.299,-0.058,0.216,-0.295,50.78,41.72
"2021-07-04 14:30:00",1880,11.28,406,0,0.182,2.77,-1.01,0.245,-0.09,0.122,-0.319,44.29,40.46
"2021-07-04 15:00:00",1881,11.25,406,0,0.326,4.19,-0.95,0.37,-0.085,0.223,-0.339,48.8,38.61
"2021-07-04 15:30:00",1882,11.25,406,0,0.185,2.78,-0.99,0.246,-0.089,0.146,-0.328,49.3,40.24
"2021-07-04 16:00:00",1883,11.23,406,0,0.19,3.01,-1.19,0.267,-0.106,0.082,-0.353,44.22,38.47
"2021-07-04 16:30:00",1884,11.22,406,0,0.126,2.38,-1.22,0.21,-0.109,0.059,-0.351,45.83,38.27
"2021-07-04 17:00:00",1885,11.2,406,0,0.062,1.86,-1.37,0.165,-0.122,0.006,-0.359,44.73,38.41
"2021-07-04 17:30:00",1886,11.2,406,0,0.008,1.31,-1.37,0.116,-0.122,-0.017,-0.357,46.43,38.61
"2021-07-04 18:00:00",1887,11.17,406,0,-0.043,0.94,-1.56,0.083,-0.139,-0.057,-0.37,45.78,38.22
"2021-07-04 18:30:00",1888,11.17,406,0,-0.075,0.63,-1.58,0.056,-0.141,-0.071,-0.368,45.57,37.75
"2021-07-04 19:00:00",1889,11.16,406,0,-0.088,0.45,-1.53,0.04,-0.136,-0.088,-0.368,44.77,38.03
"2021-07-04 19:30:00",1890,11.14,406,0,-0.122,0.21,-1.65,0.019,-0.147,-0.111,-0.368,44.63,38.72
"2021-07-04 20:00:00",1891,11.12,406,0,-0.186,-0.33,-1.77,-0.03,-0.158,-0.154,-0.375,43.55,37.64
"2021-07-04 20:30:00",1892,11.12,406,0,-0.233,-0.78,-1.81,-0.07,-0.161,-0.185,-0.377,44.02,38.26
"2021-07-04 21:00:00",1893,11.12,406,0,-0.249,-0.93,-1.83,-0.083,-0.163,-0.189,-0.38,43.72,38.63
"2021-07-04 21:30:00",1894,11.1,406,0,-0.275,-1.12,-1.91,-0.1,-0.17,-0.205,-0.381,43.79,38.29
"2021-07-04 22:00:00",1895,11.08,406,0,-0.273,-1.16,-1.84,-0.103,-0.163,-0.207,-0.375,44.62,37.87
"2021-07-04 22:30:00",1896,11.07,406,0,-0.263,-1.1,-1.8,-0.098,-0.16,-0.204,-0.378,44.8,37.89
"2021-07-04 23:00:00",1897,11.07,406,0,-0.289,-1.27,-1.9,-0.113,-0.169,-0.21,-0.377,45.04,38.55
"2021-07-04 23:30:00",1898,11.06,406,0,-0.291,-1.28,-1.91,-0.114,-0.17,-0.211,-0.378,44.27,38.36
"2021-07-05 00:00:00",1899,11.04,406,0,-0.296,-1.36,-1.88,-0.121,-0.167,-0.215,-0.379,44.95,38.46
"2021-07-05 00:30:00",1900,11.03,406,0,-0.291,-1.32,-1.87,-0.117,-0.167,-0.215,-0.373,44.48,38.3
"2021-07-05 01:00:00",1901,11.02,406,0,-0.3,-1.4,-1.88,-0.125,-0.167,-0.219,-0.376,44.35,38.69
"2021-07-05 01:30:00",1902,11.01,406,0,-0.296,-1.4,-1.84,-0.125,-0.164,-0.225,-0.377,44.5,38.16
"2021-07-05 02:00:00",1903,11.01,406,0,-0.3,-1.4,-1.88,-0.125,-0.167,-0.222,-0.375,44.16,38.24
"2021-07-05 02:30:00",1904,10.98,406,0,-0.302,-1.4,-1.91,-0.125,-0.17,-0.216,-0.376,44.91,38
"2021-07-05 03:00:00",1905,10.98,406,0,-0.292,-1.35,-1.85,-0.121,-0.165,-0.21,-0.372,45.9,37.9
"2021-07-05 03:30:00",1906,10.97,406,0,-0.293,-1.32,-1.89,-0.118,-0.168,-0.218,-0.373,45.06,38.99
"2021-07-05 04:00:00",1907,10.96,406,0,-0.301,-1.39,-1.91,-0.124,-0.17,-0.217,-0.377,43.84,37.76
"2021-07-05 04:30:00",1908,10.94,406,0,-0.304,-1.42,-1.91,-0.127,-0.17,-0.22,-0.376,44.21,38.71
"2021-07-05 05:00:00",1909,10.93,406,0,-0.306,-1.43,-1.92,-0.127,-0.17,-0.223,-0.376,44.84,38.92
"2021-07-05 05:30:00",1910,10.92,406,0,-0.304,-1.41,-1.92,-0.126,-0.17,-0.22,-0.373,45.39,38.79
"2021-07-05 06:00:00",1911,10.9,406,0,-0.298,-1.36,-1.9,-0.122,-0.169,-0.216,-0.375,45.4,38.8
"2021-07-05 06:30:00",1912,10.9,406,0,-0.276,-1.2,-1.83,-0.107,-0.163,-0.207,-0.37,46.74,39
"2021-07-05 07:00:00",1913,10.9,406,0,-0.247,-0.92,-1.81,-0.082,-0.161,-0.176,-0.365,47.1,39.36
"2021-07-05 07:30:00",1914,10.87,406,0,-0.169,-0.22,-1.7,-0.02,-0.151,-0.116,-0.356,47.93,39.77
"2021-07-05 08:00:00",1915,10.86,406,0,-0.082,0.49,-1.5,0.044,-0.134,-0.052,-0.342,49.88,39.96
"2021-07-05 08:30:00",1916,10.85,406,0,-0.016,1,-1.31,0.089,-0.117,-0.009,-0.328,51.51,41.19
"2021-07-05 09:00:00",1917,10.83,406,0,0.05,1.59,-1.21,0.141,-0.108,0.042,-0.327,49.69,40.87
"2021-07-05 09:30:00",1918,10.84,406,0,0.299,3.78,-0.8,0.334,-0.072,0.199,-0.311,50.32,40.51
"2021-07-05 10:00:00",1919,10.89,406,0,0.315,3.93,-0.79,0.348,-0.071,0.225,-0.305,50.34,41.11
"2021-07-05 10:30:00",1920,11.01,406,0,0.38,4.4,-0.57,0.39,-0.051,0.258,-0.292,48.01,41.28
"2021-07-05 11:00:00",1921,11.33,406,0,0.396,4.63,-0.65,0.41,-0.059,0.287,-0.289,50.84,41.88
"2021-07-05 11:30:00",1922,11.39,406,0,0.349,3.99,-0.47,0.353,-0.042,0.294,-0.264,57.53,43.78
"2021-07-05 12:00:00",1923,11.29,406,0,0.366,4.26,-0.58,0.377,-0.053,0.275,-0.276,50.54,42.43
"2021-07-05 12:30:00",1924,11.25,406,0,0.317,3.86,-0.69,0.341,-0.062,0.233,-0.289,49.58,41.62
"2021-07-05 13:00:00",1925,11.21,406,0,0.365,4.4,-0.74,0.389,-0.067,0.243,-0.315,48.96,39.76
"2021-07-05 13:30:00",1926,11.21,406,0,0.424,5.27,-1.04,0.466,-0.093,0.222,-0.348,44.08,39.01
"2021-07-05 14:00:00",1927,11.2,406,0,0.247,3.06,-0.6,0.271,-0.054,0.199,-0.29,48.2,41.22
"2021-07-05 14:30:00",1928,11.16,406,0,0.258,3.39,-0.84,0.3,-0.075,0.129,-0.323,43.98,39.32
"2021-07-05 15:00:00",1929,11.15,406,0,0.348,4.24,-0.76,0.375,-0.068,0.26,-0.329,56.47,40.06
"2021-07-05 15:30:00",1930,11.12,406,0,0.247,3.3,-0.86,0.292,-0.077,0.204,-0.322,53.99,40.79
"2021-07-05 16:00:00",1931,11.1,406,0,0.217,3.29,-1.2,0.291,-0.107,0.086,-0.356,43.12,38.46
"2021-07-05 16:30:00",1932,11.09,406,0,0.144,2.63,-1.29,0.232,-0.115,0.067,-0.355,45.31,38.58
"2021-07-05 17:00:00",1933,11.07,406,0,0.063,1.87,-1.37,0.166,-0.122,0.012,-0.36,44.43,38.94
"2021-07-05 17:30:00",1934,11.06,406,0,-0.006,1.25,-1.48,0.11,-0.132,-0.034,-0.366,44.96,38.38
"2021-07-05 18:00:00",1935,11.05,406,0,-0.041,0.92,-1.51,0.082,-0.134,-0.056,-0.366,44.86,38.95
"2021-07-05 18:30:00",1936,11.03,406,0,-0.056,0.79,-1.54,0.07,-0.137,-0.062,-0.367,45.46,38.3
"2021-07-05 19:00:00",1937,11.01,406,0,-0.08,0.6,-1.6,0.053,-0.142,-0.082,-0.37,44.57,38.25
"2021-07-05 19:30:00",1938,11,406,0,-0.123,0.17,-1.61,0.015,-0.144,-0.111,-0.372,45.18,38.6
"2021-07-05 20:00:00",1939,10.98,406,0,-0.186,-0.35,-1.75,-0.032,-0.156,-0.149,-0.38,44.59,38.26
"2021-07-05 20:30:00",1940,10.95,406,0,-0.229,-0.71,-1.84,-0.064,-0.164,-0.179,-0.383,43.31,38.22
"2021-07-05 21:00:00",1941,10.93,406,0,-0.248,-0.89,-1.86,-0.08,-0.165,-0.197,-0.383,44.1,38.18
"2021-07-05 21:30:00",1942,10.92,406,0,-0.262,-1.07,-1.82,-0.095,-0.162,-0.204,-0.383,44.37,38.03
"2021-07-05 22:00:00",1943,10.9,406,0,-0.28,-1.15,-1.93,-0.102,-0.172,-0.2,-0.385,43.77,37.85
"2021-07-05 22:30:00",1944,10.89,406,0,-0.289,-1.27,-1.9,-0.114,-0.169,-0.21,-0.381,44.55,38.22
"2021-07-05 23:00:00",1945,10.88,406,0,-0.293,-1.26,-1.96,-0.112,-0.174,-0.213,-0.384,44.42,38.08
"2021-07-05 23:30:00",1946,10.85,406,0,-0.286,-1.26,-1.88,-0.112,-0.168,-0.214,-0.378,43.94,38.28
"2021-07-06 00:00:00",1947,10.83,406,0,-0.29,-1.26,-1.92,-0.113,-0.171,-0.211,-0.38,44.63,38.13
"2021-07-06 00:30:00",1948,10.81,406,0,-0.281,-1.23,-1.86,-0.11,-0.166,-0.21,-0.373,44.01,38.5
"2021-07-06 01:00:00",1949,10.79,406,0,-0.291,-1.32,-1.87,-0.118,-0.166,-0.214,-0.373,44.2,38.69
"2021-07-06 01:30:00",1950,10.76,406,0,-0.291,-1.32,-1.87,-0.118,-0.167,-0.215,-0.373,44.71,38.37
"2021-07-06 02:00:00",1951,10.75,406,0,-0.294,-1.37,-1.85,-0.122,-0.164,-0.213,-0.374,45.03,38.7
"2021-07-06 02:30:00",1952,10.73,406,0,-0.29,-1.33,-1.85,-0.118,-0.165,-0.213,-0.373,44.4,38.9
"2021-07-06 03:00:00",1953,10.7,406,0,-0.294,-1.33,-1.89,-0.118,-0.168,-0.211,-0.371,46.27,39.36
"2021-07-06 03:30:00",1954,10.66,406,0,-0.284,-1.28,-1.83,-0.115,-0.163,-0.205,-0.372,45.17,38.68
"2021-07-06 04:00:00",1955,10.6,406,0,-0.269,-1.12,-1.84,-0.1,-0.164,-0.198,-0.368,46.14,39.24
"2021-07-06 04:30:00",1956,10.57,406,0,-0.277,-1.2,-1.84,-0.107,-0.164,-0.202,-0.372,46.55,38.97
"2021-07-06 05:00:00",1957,10.51,406,0,-0.271,-1.12,-1.87,-0.1,-0.167,-0.198,-0.37,44.89,39.65
"2021-07-06 05:30:00",1958,10.4,406,0,-0.27,-1.1,-1.87,-0.099,-0.166,-0.196,-0.37,45.38,38.62
"2021-07-06 06:00:00",1959,10.35,406,0,-0.242,-0.93,-1.75,-0.083,-0.156,-0.189,-0.364,45.32,38.83
"2021-07-06 06:30:00",1960,10.28,406,0,-0.221,-0.73,-1.73,-0.066,-0.154,-0.163,-0.367,46.92,39.34
"2021-07-06 07:00:00",1961,10.22,406,0,-0.185,-0.39,-1.7,-0.035,-0.151,-0.141,-0.363,45.76,39.59
"2021-07-06 07:30:00",1962,10.15,406,0,-0.1,0.34,-1.54,0.03,-0.138,-0.08,-0.355,46.7,39.53
"2021-07-06 08:00:00",1963,10.04,406,0,0,1.18,-1.33,0.104,-0.119,-0.008,-0.336,48.9,40.65
"2021-07-06 08:30:00",1964,9.89,406,0,0.102,2.16,-1.25,0.191,-0.112,0.06,-0.335,49.11,39.88
"2021-07-06 09:00:00",1965,9.89,406,0,0.177,2.69,-0.98,0.238,-0.088,0.117,-0.319,47.91,40.59
"2021-07-06 09:30:00",1966,9.86,406,0,0.23,3.18,-0.93,0.281,-0.083,0.164,-0.317,49.11,40.29
"2021-07-06 10:00:00",1967,10.05,406,0,0.256,3.41,-0.88,0.302,-0.078,0.189,-0.309,50.71,41.48
"2021-07-06 10:30:00",1968,10.22,406,0,0.15,2.29,-0.84,0.203,-0.075,0.133,-0.295,48.93,42.87
"2021-07-06 11:00:00",1969,10.89,406,0,0.306,3.69,-0.62,0.327,-0.056,0.26,-0.283,58.82,42.73
"2021-07-06 11:30:00",1970,11.17,406,0,0.313,3.7,-0.55,0.327,-0.049,0.253,-0.269,56.12,44.44
"2021-07-06 12:00:00",1971,11.15,406,0,0.309,3.74,-0.65,0.331,-0.058,0.231,-0.283,49.87,42.48
"2021-07-06 12:30:00",1972,11.06,406,0,0.291,3.63,-0.73,0.321,-0.065,0.218,-0.291,48.39,41.67
"2021-07-06 13:00:00",1973,11.03,406,0,0.378,4.44,-0.64,0.393,-0.058,0.272,-0.305,51.73,41.71
"2021-07-06 13:30:00",1974,11.01,406,0,0.416,5.13,-0.98,0.454,-0.088,0.208,-0.344,43.4,38.48
"2021-07-06 14:00:00",1975,10.99,406,0,0.309,3.73,-0.64,0.33,-0.057,0.23,-0.302,49.27,41.05
"2021-07-06 14:30:00",1976,10.94,406,0,0.243,3.34,-0.96,0.296,-0.086,0.133,-0.331,45.25,39.77
"2021-07-06 15:00:00",1977,10.89,406,0,0.3,3.86,-0.88,0.342,-0.079,0.222,-0.332,52.82,39.47
"2021-07-06 15:30:00",1978,10.85,406,0,0.245,3.28,-0.86,0.29,-0.077,0.216,-0.322,57.51,40.44
"2021-07-06 16:00:00",1979,10.82,406,0,0.238,3.41,-1.09,0.302,-0.098,0.105,-0.35,44.01,38.94
"2021-07-06 16:30:00",1980,10.76,406,0,0.182,2.94,-1.21,0.26,-0.108,0.086,-0.353,44.48,38.74
"2021-07-06 17:00:00",1981,10.72,406,0,0.122,2.38,-1.27,0.21,-0.113,0.053,-0.359,46.79,39.23
"2021-07-06 17:30:00",1982,10.66,406,0,0.05,1.76,-1.4,0.155,-0.125,0.01,-0.358,46.01,38.29
"2021-07-06 18:00:00",1983,10.56,406,0,0.026,1.47,-1.35,0.13,-0.12,-0.017,-0.361,45.35,39.29
"2021-07-06 18:30:00",1984,10.48,406,0,0.001,1.32,-1.47,0.117,-0.131,-0.029,-0.365,43.75,38.1
"2021-07-06 19:00:00",1985,10.39,406,0,-0.061,0.75,-1.55,0.066,-0.138,-0.07,-0.371,45.82,38.1
"2021-07-06 19:30:00",1986,10.32,406,0,-0.109,0.36,-1.67,0.032,-0.148,-0.097,-0.373,45.73,38.32
"2021-07-06 20:00:00",1987,10.23,406,0,-0.163,-0.1,-1.77,-0.009,-0.157,-0.131,-0.377,43.77,38.43
"2021-07-06 20:30:00",1988,10.1,406,0,-0.211,-0.54,-1.83,-0.049,-0.163,-0.164,-0.385,43.63,38.55
"2021-07-06 21:00:00",1989,10.03,406,0,-0.228,-0.72,-1.82,-0.064,-0.162,-0.179,-0.381,43.24,38.73
"2021-07-06 21:30:00",1990,9.94,406,0,-0.231,-0.77,-1.8,-0.069,-0.161,-0.182,-0.378,43.6,38.52
"2021-07-06 22:00:00",1991,9.87,406,0,-0.238,-0.85,-1.79,-0.076,-0.159,-0.182,-0.376,45.11,38.78
"2021-07-06 22:30:00",1992,9.71,406,0,-0.249,-0.96,-1.79,-0.086,-0.159,-0.197,-0.375,44.37,38.88
"2021-07-06 23:00:00",1993,9.67,406,0,-0.261,-1.02,-1.86,-0.091,-0.166,-0.195,-0.376,44.7,39.04
"2021-07-06 23:30:00",1994,9.6,406,0,-0.259,-0.97,-1.89,-0.087,-0.168,-0.184,-0.381,44.73,38.14
"2021-07-07 00:00:00",1995,9.49,406,0,-0.261,-1.02,-1.86,-0.091,-0.165,-0.192,-0.376,43.6,38.77
"2021-07-07 10:00:00",1996,9.33,406,0,0.319,3.91,-0.72,0.346,-0.065,0.244,-0.301,53.61,42.06
"2021-07-07 10:30:00",1997,9.52,406,0,0.273,3.49,-0.78,0.309,-0.07,0.209,-0.29,48.87,42.81
"2021-07-07 11:00:00",1998,10.47,406,0,0.389,4.5,-0.58,0.398,-0.052,0.3,-0.287,57.44,42.43
"2021-07-07 11:30:00",1999,10.8,406,0,0.343,3.93,-0.47,0.348,-0.042,0.288,-0.261,55.59,45.15
"2021-07-07 12:00:00",2000,10.98,406,0,0.345,4.09,-0.62,0.362,-0.055,0.274,-0.278,53.38,43.09
"2021-07-07 12:30:00",2001,10.85,406,0,0.348,4.17,-0.68,0.369,-0.061,0.258,-0.288,51.9,42.45
"2021-07-07 13:00:00",2002,10.77,406,0,0.427,4.9,-0.59,0.434,-0.053,0.311,-0.307,53.59,40.25
"2021-07-07 13:30:00",2003,10.72,406,0,0.442,5.34,-0.91,0.472,-0.081,0.233,-0.345,44.02,38.79
"2021-07-07 14:00:00",2004,10.64,406,0,0.311,3.75,-0.63,0.332,-0.057,0.22,-0.306,46.78,40.06
"2021-07-07 14:30:00",2005,10.54,406,0,0.234,3.23,-0.93,0.286,-0.083,0.118,-0.329,42.41,39.83
"2021-07-07 15:00:00",2006,10.42,406,0,0.311,3.94,-0.85,0.349,-0.076,0.219,-0.336,50.54,39.82
"2021-07-07 15:30:00",2007,10.31,406,0,0.311,3.89,-0.79,0.344,-0.071,-99,-0.32,-99,40.23
"2021-07-07 16:00:00",2008,10.21,406,0,0.273,3.73,-1.05,0.33,-0.094,0.123,-0.347,43.13,38.89
"2021-07-07 16:30:00",2009,10.09,406,0,0.222,3.3,-1.15,0.292,-0.102,0.103,-0.354,43.44,38.78
"2021-07-07 17:00:00",2010,9.99,406,0,0.128,2.48,-1.31,0.22,-0.116,0.056,-0.362,45.73,38.02
"2021-07-07 17:30:00",2011,9.91,406,0,0.061,1.84,-1.36,0.163,-0.121,0.012,-0.361,45.21,38.64
"2021-07-07 18:00:00",2012,9.82,406,0,0.035,1.65,-1.45,0.146,-0.129,-0.013,-0.364,45.83,38.02
"2021-07-07 18:30:00",2013,9.73,406,0,0.014,1.46,-1.47,0.129,-0.131,-0.036,-0.371,43.37,38.3
"2021-07-07 19:00:00",2014,9.61,406,0,-0.041,0.99,-1.59,0.088,-0.141,-0.054,-0.379,44.67,38.2
"2021-07-07 19:30:00",2015,9.47,406,0,-0.096,0.46,-1.63,0.04,-0.145,-0.094,-0.377,43.33,38.26
"2021-07-07 20:00:00",2016,9.32,406,0,-0.181,-0.27,-1.79,-0.025,-0.16,-0.154,-0.386,42.67,37.59
"2021-07-08 11:30:00",2017,9.26,406,0,0.141,2.35,-1.01,0.208,-0.09,0.114,-0.312,55.8,41.2
"2021-07-08 12:00:00",2018,9.44,406,0,0.037,1.28,-1.01,0.113,-0.09,0.054,-0.29,45.57,43.4
"2021-07-08 12:30:00",2019,9.58,406,0,0.238,3.19,-0.84,0.283,-0.075,0.183,-0.285,48.47,42.73
"2021-07-08 13:00:00",2020,9.55,406,0,0.204,3.03,-1.06,0.268,-0.095,0.127,-0.327,45.59,39.95
"2021-07-08 13:30:00",2021,9.32,406,0,0.191,3.06,-1.24,0.271,-0.111,0.084,-0.36,44.97,38.23
"2021-07-09 10:30:00",2022,9.77,406,0,0.223,3.02,-0.82,0.268,-0.073,0.17,-0.293,50.1,41.86
"2021-07-09 11:00:00",2023,10.73,406,0,0.309,3.71,-0.61,0.328,-0.055,0.242,-0.28,54.53,42.83
"2021-07-09 11:30:00",2024,11.31,406,0,0.306,3.59,-0.51,0.318,-0.046,0.27,-0.259,59.61,45.02
"2021-07-09 12:00:00",2025,11.08,406,0,0.32,3.8,-0.59,0.336,-0.053,0.26,-0.27,52.13,44.16
"2021-07-09 12:30:00",2026,10.94,406,0,0.287,3.56,-0.7,0.315,-0.063,0.229,-0.285,51.36,42.15
"2021-07-09 13:00:00",2027,10.87,406,0,0.366,4.43,-0.76,0.392,-0.068,0.263,-0.307,51.86,40.42
"2021-07-09 13:30:00",2028,10.81,406,0,0.384,4.85,-1.03,0.429,-0.092,0.198,-0.347,44.62,39.81
"2021-07-09 14:00:00",2029,10.78,406,0,0.26,3.31,-0.73,0.293,-0.065,0.21,-0.304,49.33,40.94
"2021-07-09 14:30:00",2030,10.68,406,0,0.188,2.82,-1,0.25,-0.089,0.112,-0.324,42.29,41.1
"2021-07-09 15:00:00",2031,10.59,406,0,0.237,3.33,-1.01,0.294,-0.09,0.196,-0.331,49.59,39.96
"2021-07-09 15:30:00",2032,10.44,406,0,0.282,3.57,-0.77,0.316,-0.069,-99,-0.31,-99,41.52
"2021-07-09 16:00:00",2033,10.31,406,0,0.202,3.23,-1.3,0.286,-0.116,0.053,-0.369,42.15,37.9
"2021-07-09 16:30:00",2034,10.2,406,0,0.196,3.1,-1.23,0.274,-0.109,0.091,-0.355,44.31,39.08
"2021-07-09 17:00:00",2035,10.1,406,0,0.084,2.09,-1.38,0.185,-0.123,0.034,-0.362,45.78,39.04
"2021-07-09 17:30:00",2036,9.96,406,0,0.014,1.45,-1.46,0.128,-0.13,-0.008,-0.358,45.06,39.16
"2021-07-09 18:00:00",2037,9.82,406,0,-0.01,1.17,-1.44,0.104,-0.129,-0.028,-0.362,45.49,39.58
"2021-07-09 18:30:00",2038,9.69,406,0,-0.084,0.6,-1.65,0.053,-0.147,-0.092,-0.376,43.89,38.39
"2021-07-09 19:00:00",2039,9.55,406,0,-0.113,0.32,-1.67,0.028,-0.149,-0.101,-0.373,45.19,37.88
"2021-07-09 19:30:00",2040,9.33,406,0,-0.188,-0.32,-1.81,-0.029,-0.161,-0.144,-0.382,44.48,38.15
"2021-07-10 10:30:00",2041,9.56,406,0,0.163,2.29,-0.7,0.203,-0.063,0.15,-0.286,48.82,43.06
"2021-07-10 11:00:00",2042,10.78,406,0,0.321,3.71,-0.48,0.328,-0.043,0.28,-0.264,59.12,43.69
"2021-07-10 11:30:00",2043,11.24,406,0,0.306,3.68,-0.61,0.325,-0.055,0.252,-0.266,53.87,44.09
"2021-07-10 12:00:00",2044,11.13,406,0,0.369,4.4,-0.7,0.39,-0.063,0.273,-0.287,52.59,42.96
"2021-07-10 12:30:00",2045,10.93,406,0,0.296,3.74,-0.79,0.331,-0.071,0.214,-0.292,46.93,42.84
"2021-07-10 13:00:00",2046,10.87,406,0,0.377,4.48,-0.69,0.397,-0.062,0.281,-0.307,55.87,42.25
"2021-07-10 13:30:00",2047,10.79,406,0,0.451,5.56,-1.06,0.492,-0.095,0.209,-0.361,44.58,37.85
"2021-07-10 14:00:00",2048,10.76,406,0,0.234,3.08,-0.77,0.273,-0.069,0.159,-0.318,47.68,40.38
"2021-07-10 14:30:00",2049,10.71,406,0,0.16,2.43,-0.89,0.215,-0.079,0.092,-0.32,42.34,40.17
"2021-07-10 15:00:00",2050,10.63,406,0,0.266,3.59,-0.97,0.318,-0.086,0.156,-0.346,45.27,39.78
"2021-07-10 15:30:00",2051,10.52,406,0,0.236,3.42,-1.12,0.302,-0.1,0.171,-0.346,49.93,39.04
"2021-07-10 16:00:00",2052,10.4,406,0,0.178,2.88,-1.18,0.255,-0.105,0.075,-0.353,44.93,38.6
"2021-07-10 16:30:00",2053,10.28,406,0,0.123,2.45,-1.33,0.217,-0.119,0.05,-0.357,45.92,38.61
"2021-07-10 17:00:00",2054,10.16,406,0,0.073,1.93,-1.33,0.171,-0.118,0.023,-0.356,46.08,39.18
"2021-07-10 17:30:00",2055,10.05,406,0,0.001,1.34,-1.49,0.119,-0.133,-0.024,-0.362,44.62,38.71
"2021-07-10 18:00:00",2056,9.9,406,0,-0.031,1.01,-1.5,0.089,-0.134,-0.053,-0.367,44.42,39.19
"2021-07-10 18:30:00",2057,9.74,406,0,-0.044,0.93,-1.56,0.083,-0.139,-0.056,-0.368,45.48,37.91
"2021-07-10 19:00:00",2058,9.61,406,0,-0.081,0.62,-1.63,0.055,-0.145,-0.081,-0.374,43.97,38.63
"2021-07-10 19:30:00",2059,9.45,406,0,-0.113,0.33,-1.68,0.029,-0.149,-0.109,-0.38,43.97,37.79
"2021-07-10 20:00:00",2060,9.29,406,0,-0.185,-0.35,-1.74,-0.032,-0.155,-0.168,-0.385,42.41,38.41
"2021-07-10 20:30:00",2061,9.98,406,0,0.225,2.96,-0.74,0.262,-0.067,0.185,-0.281,50.83,43.26
"2021-07-10 21:00:00",2062,10.59,406,0,0.319,3.85,-0.65,0.341,-0.059,0.263,-0.28,52.7,43.33
"2021-07-10 21:30:00",2063,10.8,406,0,0.337,3.99,-0.61,0.353,-0.055,0.28,-0.278,59.8,43.96
"2021-07-10 22:00:00",2064,10.88,406,0,0.371,4.53,-0.82,0.401,-0.073,0.277,-0.304,53.33,41.9
"2021-07-10 22:30:00",2065,10.86,406,0,0.332,4.04,-0.72,0.358,-0.065,0.26,-0.308,52.93,40.41
"2021-07-10 23:00:00",2066,10.7,406,0,0.282,3.68,-0.89,0.326,-0.08,0.169,-0.334,46.08,39.5
"2021-07-10 23:30:00",2067,10.68,406,0,0.247,3.52,-1.11,0.311,-0.099,0.131,-0.338,43.84,40.68
"2021-07-11 00:00:00",2068,10.61,406,0,0.281,3.67,-0.89,0.325,-0.08,-99,-0.327,-99,40.48
"2021-07-11 00:30:00",2069,10.57,406,0,0.269,3.41,-0.74,0.302,-0.066,0.202,-0.292,48.87,41.58
"2021-07-11 01:00:00",2070,10.4,406,0,0.263,3.78,-1.22,0.335,-0.109,0.104,-0.362,43.08,37.6
"2021-07-11 01:30:00",2071,10.29,406,0,0.371,4.35,-0.62,0.385,-0.056,0.305,-0.309,58.98,41.06
"2021-07-11 02:00:00",2072,10.18,406,0,0.254,3.54,-1.05,0.313,-0.094,0.136,-0.344,43.37,38.87
"2021-07-11 02:30:00",2073,10.07,406,0,0.2,3.09,-1.17,0.274,-0.105,0.107,-0.352,46.7,39.55
"2021-07-11 03:00:00",2074,9.93,406,0,0.126,2.41,-1.25,0.213,-0.112,0.049,-0.355,44.68,39.6
"2021-07-11 03:30:00",2075,9.74,406,0,0.083,1.99,-1.28,0.176,-0.114,0.037,-0.351,46.17,39.85
"2021-07-11 04:00:00",2076,9.61,406,0,0.028,1.58,-1.45,0.14,-0.13,-0.009,-0.358,45.71,38.98
"2021-07-11 04:30:00",2077,9.42,406,0,-0.035,0.98,-1.51,0.087,-0.135,-0.057,-0.376,42.95,38.7
"2021-07-11 05:00:00",2078,9.23,406,0,-0.104,0.41,-1.66,0.037,-0.148,-0.1,-0.377,44.32,39.4
"2021-07-12 10:30:00",2079,9.3,406,0,0.171,2.67,-1.03,0.236,-0.092,0.096,-0.318,46.75,40.01
"2021-07-12 11:00:00",2080,9.72,406,0,0.262,3.53,-0.95,0.313,-0.085,0.193,-0.315,58,41.74
"2021-07-12 11:30:00",2081,10.15,406,0,0.304,3.63,-0.58,0.322,-0.052,-99,-0.258,-99,44.62
"2021-07-12 12:00:00",2082,11.08,406,0,0.275,3.4,-0.66,0.301,-0.059,0.233,-0.274,51.52,44.38
"2021-07-12 12:30:00",2083,10.85,406,0,0.28,3.55,-0.76,0.315,-0.068,0.194,-0.29,49.23,41.85
"2021-07-12 13:00:00",2084,10.74,406,0,0.429,4.93,-0.6,0.436,-0.054,0.303,-0.307,51.32,40.47
"2021-07-12 13:30:00",2085,10.68,406,0,0.422,5.12,-0.9,0.453,-0.08,0.228,-0.345,44.43,38.95
"2021-07-12 14:00:00",2086,10.6,406,0,0.375,4.33,-0.55,0.383,-0.05,0.317,-0.29,60.88,42.31
"2021-07-12 14:30:00",2087,10.53,406,0,0.499,5.85,-0.83,0.518,-0.074,0.272,-0.338,43.04,39.46
"2021-07-12 15:00:00",2088,10.41,406,0,0.422,5.07,-0.84,0.449,-0.076,0.266,-0.337,49.24,39.77
"2021-07-12 15:30:00",2089,10.28,406,0,0.377,4.4,-0.61,0.39,-0.055,-99,-0.309,-99,41.15
"2021-07-12 16:00:00",2090,10.15,406,0,0.331,4.25,-0.97,0.376,-0.087,0.153,-0.35,44.61,39.12
"2021-07-12 16:30:00",2091,10.04,406,0,0.274,3.83,-1.15,0.339,-0.103,0.129,-0.357,44.45,38.96
"2021-07-12 17:00:00",2092,9.87,406,0,0.178,2.91,-1.22,0.258,-0.109,0.083,-0.359,44.52,37.63
"2021-07-12 17:30:00",2093,9.72,406,0,0.12,2.34,-1.25,0.207,-0.111,0.043,-0.356,44.71,39.23
"2021-07-12 18:00:00",2094,9.54,406,0,0.052,1.76,-1.38,0.156,-0.123,0,-0.364,45.43,38.95
"2021-07-12 18:30:00",2095,9.34,406,0,0.042,1.72,-1.45,0.152,-0.129,-0.005,-0.368,42.68,38.69
"2021-07-12 19:00:00",2096,9.18,406,0,-0.016,1.19,-1.53,0.105,-0.136,-0.045,-0.369,44.33,38.84
"2021-07-13 10:30:00",2097,10.08,406,0,0.245,3.25,-0.83,0.288,-0.075,0.186,-0.297,48.8,41.49
"2021-07-13 11:00:00",2098,10.8,406,0,0.334,4.07,-0.73,0.36,-0.065,-99,-0.286,-99,43.25
"2021-07-13 11:30:00",2099,11.24,406,0,0.306,3.62,-0.55,0.321,-0.05,0.253,-0.266,55.87,45.02
"2021-07-13 12:00:00",2100,11.29,406,0,0.319,3.85,-0.66,0.341,-0.059,0.251,-0.282,54.66,44.38
"2021-07-13 12:30:00",2101,11.02,406,0,0.361,4.36,-0.74,0.386,-0.067,0.252,-0.3,47.69,41.8
"2021-07-13 13:00:00",2102,10.92,406,0,0.416,4.8,-0.61,0.425,-0.055,0.302,-0.308,50.11,41.57
"2021-07-13 13:30:00",2103,10.88,406,0,0.426,5.08,-0.8,0.449,-0.072,0.23,-0.341,43.42,39.17
"2021-07-13 14:00:00",2104,10.84,406,0,0.321,3.75,-0.52,0.332,-0.047,0.268,-0.289,52.56,41.69
"2021-07-13 14:30:00",2105,10.8,406,0,0.364,4.39,-0.74,0.388,-0.067,0.208,-0.328,44.16,39.09
"2021-07-13 15:00:00",2106,10.76,406,0,0.464,5.43,-0.76,0.481,-0.068,0.282,-0.341,46.84,39.03
"2021-07-13 15:30:00",2107,10.71,406,0,0.364,4.4,-0.75,0.389,-0.067,0.27,-0.325,50.69,39.67
"2021-07-13 16:00:00",2108,10.66,406,0,0.296,3.92,-1,0.347,-0.09,0.154,-0.35,43.9,39.09
"2021-07-13 16:30:00",2109,10.62,406,0,0.274,3.79,-1.1,0.336,-0.099,0.124,-0.355,44.28,38.22
"2021-07-13 17:00:00",2110,10.56,406,0,0.135,2.53,-1.29,0.224,-0.115,0.059,-0.361,44.67,39.44
"2021-07-13 17:30:00",2111,10.47,406,0,0.089,2.13,-1.37,0.189,-0.122,0.025,-0.364,44.5,38.59
"2021-07-13 18:00:00",2112,10.4,406,0,0.012,1.42,-1.45,0.126,-0.129,-0.022,-0.364,44.71,38.54
"2021-07-13 18:30:00",2113,10.29,406,0,-0.023,1.11,-1.52,0.098,-0.135,-0.05,-0.371,43.58,38.91
"2021-07-13 19:00:00",2114,10.18,406,0,-0.048,0.92,-1.59,0.082,-0.142,-0.059,-0.374,43.5,38.84
"2021-07-13 19:30:00",2115,10.06,406,0,-0.11,0.34,-1.65,0.03,-0.147,-0.102,-0.378,44.45,37.87
"2021-07-13 20:00:00",2116,9.92,406,0,-0.157,-0.05,-1.75,-0.005,-0.155,-0.136,-0.382,43.1,38.85
"2021-07-13 20:30:00",2117,9.71,406,0,-0.201,-0.47,-1.79,-0.043,-0.159,-0.16,-0.382,45.34,38.19
"2021-07-13 21:00:00",2118,9.47,406,0,-0.226,-0.69,-1.83,-0.062,-0.163,-0.178,-0.378,43.18,37.84
"2021-07-13 21:30:00",2119,9.28,406,0,-0.243,-0.85,-1.85,-0.076,-0.165,-0.186,-0.381,43.8,38.72
"2021-07-14 10:00:00",2120,9.23,406,0,0.399,4.61,-0.59,0.408,-0.053,-99,-0.289,-99,43.52
"2021-07-14 10:30:00",2121,10.3,406,0,0.319,3.9,-0.71,0.345,-0.064,0.227,-0.3,48.33,42.57
"2021-07-14 11:00:00",2122,10.99,406,0,0.405,4.65,-0.57,0.411,-0.052,0.324,-0.279,54.45,43.42
"2021-07-14 11:30:00",2123,11.24,406,0,0.305,3.62,-0.56,0.321,-0.05,0.27,-0.256,58.45,45.11
"2021-07-14 12:00:00",2124,11.27,406,0,0.31,3.72,-0.61,0.329,-0.055,0.251,-0.268,53.03,44.66
"2021-07-14 12:30:00",2125,11.02,406,0,0.346,4.09,-0.61,0.362,-0.055,0.259,-0.28,49.67,43.37
"2021-07-14 13:00:00",2126,10.97,406,0,0.45,5.09,-0.54,0.45,-0.049,0.314,-0.308,51.46,40.59
"2021-07-14 13:30:00",2127,10.91,406,0,0.502,5.88,-0.83,0.521,-0.075,0.251,-0.35,43.49,38.27
"2021-07-14 14:00:00",2128,10.88,406,0,0.414,4.82,-0.65,0.426,-0.059,0.262,-0.322,46.5,40.45
"2021-07-14 14:30:00",2129,10.86,406,0,0.374,4.43,-0.67,0.392,-0.06,0.214,-0.315,44.4,40.83
"2021-07-14 15:00:00",2130,10.81,406,0,0.405,4.91,-0.85,0.434,-0.076,0.244,-0.341,46.29,39.3
"2021-07-14 15:30:00",2131,10.77,406,0,0.378,4.5,-0.71,0.398,-0.063,0.302,-0.326,56.7,40.04
"2021-07-14 16:00:00",2132,10.74,406,0,0.334,4.29,-0.97,0.38,-0.086,0.15,-0.352,42.86,38.62
"2021-07-14 16:30:00",2133,10.7,406,0,0.2,3.1,-1.18,0.274,-0.105,0.083,-0.359,43.33,38.52
"2021-07-14 17:00:00",2134,10.66,406,0,0.131,2.53,-1.33,0.224,-0.119,0.053,-0.359,44.74,39.41
"2021-07-14 17:30:00",2135,10.6,406,0,0.058,1.81,-1.36,0.161,-0.121,0.01,-0.358,44.98,38.26
"2021-07-14 18:00:00",2136,10.57,406,0,0.031,1.56,-1.39,0.138,-0.124,-0.007,-0.364,44.9,39
"2021-07-14 18:30:00",2137,10.5,406,0,-0.031,1.09,-1.59,0.097,-0.142,-0.065,-0.381,42.81,38.57
"2021-07-14 19:00:00",2138,10.44,406,0,-0.124,0.21,-1.67,0.019,-0.148,-0.114,-0.377,43.6,37.7
"2021-07-14 19:30:00",2139,10.31,406,0,-0.176,-0.26,-1.74,-0.024,-0.155,-0.147,-0.383,44.15,38.5
"2021-07-14 20:00:00",2140,10.2,406,0,-0.249,-0.84,-1.92,-0.075,-0.17,-0.191,-0.39,43.28,37.78
"2021-07-14 20:30:00",2141,10.04,406,0,-0.254,-0.92,-1.89,-0.083,-0.168,-0.201,-0.39,44.42,38.1
"2021-07-14 21:00:00",2142,9.85,406,0,-0.267,-0.92,-2.04,-0.083,-0.181,-0.226,-0.405,41.58,36.91
"2021-07-14 21:30:00",2143,9.64,406,0,-0.351,-1.77,-2.05,-0.158,-0.182,-0.252,-0.405,43.15,38.48
"2021-07-14 22:00:00",2144,9.46,406,0,-0.325,-1.48,-2.08,-0.132,-0.185,-0.228,-0.391,42.59,38.59
"2021-07-14 22:30:00",2145,9.28,406,0,-0.284,-1.15,-1.98,-0.103,-0.176,-0.209,-0.395,43.74,37.67
"2021-07-15 10:00:00",2146,9.27,406,0,0.306,3.71,-0.65,0.328,-0.059,-99,-0.278,-99,44.16
"2021-07-15 10:30:00",2147,9.97,406,0,0.322,3.93,-0.71,0.348,-0.064,0.231,-0.297,49.17,42.69
"2021-07-15 11:00:00",2148,10.78,406,0,0.448,5.1,-0.57,0.451,-0.051,0.329,-0.286,54.62,42.65
"2021-07-15 11:30:00",2149,10.88,406,0,0.202,2.71,-0.72,0.24,-0.065,0.146,-0.276,47.17,43.34
"2021-07-15 12:00:00",2150,10.89,406,0,0.197,2.75,-0.82,0.244,-0.073,0.124,-0.305,42.46,40.7
"2021-07-15 12:30:00",2151,10.93,406,0,0.424,4.89,-0.61,0.432,-0.055,0.318,-0.283,50.62,43.48
"2021-07-15 13:00:00",2152,10.86,406,0,0.449,5.06,-0.52,0.448,-0.047,0.335,-0.299,55.6,41.42
"2021-07-15 13:30:00",2153,10.8,406,0,0.454,5.25,-0.67,0.465,-0.06,0.28,-0.321,46.47,39.74
"2021-07-15 14:00:00",2154,10.75,406,0,0.45,5.18,-0.64,0.458,-0.057,0.284,-0.32,47.02,40.14
"2021-07-15 14:30:00",2155,10.71,406,0,0.442,5.08,-0.62,0.449,-0.056,0.285,-0.312,45.73,40.92
"2021-07-15 15:00:00",2156,10.65,406,0,0.461,5.35,-0.71,0.474,-0.064,0.309,-0.331,52.91,40.22
"2021-07-15 15:30:00",2157,10.6,406,0,0.371,4.44,-0.72,0.393,-0.065,-99,-0.319,-99,40.34
"2021-07-15 16:00:00",2158,10.54,406,0,0.304,4.01,-1,0.355,-0.09,0.148,-0.35,43.62,38.13
"2021-07-15 16:30:00",2159,10.47,406,0,0.178,2.92,-1.23,0.258,-0.11,0.066,-0.356,42.66,39.24
"2021-07-15 17:00:00",2160,10.37,406,0,0.121,2.43,-1.33,0.215,-0.118,0.055,-0.358,46.58,38.45
"2021-07-15 17:30:00",2161,10.24,406,0,0.062,1.88,-1.4,0.166,-0.124,0.011,-0.365,45.18,38.61
"2021-07-15 18:00:00",2162,10.12,406,0,0.025,1.51,-1.4,0.134,-0.125,-0.02,-0.364,45.26,38.68
"2021-07-15 18:30:00",2163,9.96,406,0,-0.038,0.97,-1.53,0.086,-0.136,-0.058,-0.37,43.76,39.36
"2021-07-15 19:00:00",2164,9.79,406,0,-0.056,0.84,-1.59,0.075,-0.142,-0.065,-0.371,43.83,38.59
"2021-07-15 19:30:00",2165,9.52,406,0,-0.099,0.45,-1.65,0.039,-0.147,-0.098,-0.373,43.88,38.65
"2021-07-15 20:00:00",2166,9.31,406,0,-0.147,0.07,-1.78,0.006,-0.159,-0.131,-0.384,42.96,38.29
"2021-07-15 20:30:00",2167,10.02,406,0,0.315,3.95,-0.81,0.35,-0.072,0.218,-0.3,48.83,41.01
"2021-07-15 21:00:00",2168,10.88,406,0,0.483,5.45,-0.57,0.482,-0.052,0.343,-0.288,51.2,41.83
"2021-07-15 21:30:00",2169,11.2,406,0,0.328,3.82,-0.52,0.338,-0.047,0.282,-0.258,56.48,44.13
"2021-07-15 22:00:00",2170,11.32,406,0,0.331,3.9,-0.57,0.345,-0.052,0.28,-0.26,53.16,45.62
"2021-07-15 22:30:00",2171,11.02,406,0,0.405,4.62,-0.53,0.409,-0.048,0.306,-0.278,51.44,43.48
"2021-07-15 23:00:00",2172,10.97,406,0,0.488,5.48,-0.54,0.485,-0.049,0.342,-0.3,50.04,41.51
"2021-07-15 23:30:00",2173,10.89,406,0,0.542,6.17,-0.7,0.547,-0.063,0.3,-0.335,43.71,39.47
"2021-07-16 00:00:00",2174,10.86,406,0,0.457,5.24,-0.63,0.464,-0.056,0.297,-0.321,46.35,39.88
"2021-07-16 00:30:00",2175,10.81,406,0,0.318,3.87,-0.69,0.343,-0.062,0.227,-0.31,46.64,41.16
"2021-07-16 01:00:00",2176,10.78,406,0,0.465,5.43,-0.75,0.481,-0.067,0.299,-0.338,50.19,38.75
"2021-07-16 01:30:00",2177,10.74,406,0,0.369,4.38,-0.67,0.388,-0.06,0.28,-0.318,52.65,39.56
"2021-07-16 02:00:00",2178,10.69,406,0,0.334,4.36,-1.05,0.386,-0.094,0.15,-0.351,43.38,38.73
"2021-07-16 02:30:00",2179,10.66,406,0,0.209,3.17,-1.15,0.281,-0.103,0.097,-0.356,43.81,39.31
"2021-07-16 03:00:00",2180,10.6,406,0,0.143,2.63,-1.31,0.233,-0.117,0.063,-0.359,45.32,39.27
"2021-07-16 03:30:00",2181,10.57,406,0,0.091,2.09,-1.3,0.185,-0.116,0.032,-0.358,45.44,39.12
"2021-07-16 04:00:00",2182,10.52,406,0,0.089,2.11,-1.34,0.186,-0.119,0.025,-0.363,45.56,39.91
"2021-07-16 04:30:00",2183,10.46,406,0,0.079,2.03,-1.37,0.18,-0.122,0.015,-0.364,45.47,38.47
"2021-07-16 05:00:00",2184,10.38,406,0,-0.012,1.19,-1.48,0.105,-0.132,-0.042,-0.367,44.37,38.88
"2021-07-16 05:30:00",2185,10.27,406,0,-0.06,0.8,-1.59,0.071,-0.142,-0.07,-0.374,44.96,38.07
"2021-07-16 20:00:00",2186,10.08,406,0,-0.119,0.28,-1.69,0.025,-0.15,-0.107,-0.378,44.2,38.7
"2021-07-16 20:30:00",2187,9.92,406,0,-0.174,-0.23,-1.75,-0.022,-0.155,-0.148,-0.384,43.01,37.93
"2021-07-16 21:00:00",2188,9.7,406,0,-0.205,-0.54,-1.76,-0.049,-0.156,-0.161,-0.382,43.74,38.81
"2021-07-16 21:30:00",2189,9.47,406,0,-0.224,-0.64,-1.86,-0.058,-0.166,-0.177,-0.383,42.71,38.05
"2021-07-17 10:30:00",2190,10.18,406,0,0.28,3.51,-0.72,0.31,-0.065,0.208,-0.299,47.55,42.47
"2021-07-17 11:00:00",2191,11.05,406,0,0.358,4.14,-0.53,0.366,-0.048,-99,-0.266,-99,45.19
"2021-07-17 11:30:00",2192,11.21,406,0,0.348,4.04,-0.53,0.357,-0.048,0.273,-0.265,52.84,44.47
"2021-07-17 12:00:00",2193,11.36,406,0,0.37,4.29,-0.56,0.38,-0.051,0.286,-0.276,52.31,43.94
"2021-07-17 12:30:00",2194,11.04,406,0,0.378,4.4,-0.59,0.39,-0.053,0.289,-0.282,48.8,42.65
"2021-07-17 13:00:00",2195,11.02,406,0,0.524,5.86,-0.55,0.519,-0.049,0.363,-0.309,53.18,41.08
"2021-07-17 13:30:00",2196,10.91,406,0,0.511,5.95,-0.81,0.527,-0.072,0.292,-0.339,45.14,39.08
"2021-07-17 14:00:00",2197,10.91,406,0,0.362,4.13,-0.47,0.365,-0.043,0.295,-0.297,55.14,42.62
"2021-07-17 14:30:00",2198,10.85,406,0,0.368,4.56,-0.89,0.404,-0.08,0.187,-0.338,43.59,39.51
"2021-07-17 15:00:00",2199,10.82,406,0,0.462,5.47,-0.83,0.484,-0.075,0.285,-0.346,47.48,39.77
"2021-07-17 15:30:00",2200,10.78,406,0,0.338,4.27,-0.91,0.378,-0.082,0.198,-0.335,47.22,39.51
"2021-07-17 16:00:00",2201,10.74,406,0,0.346,4.39,-0.95,0.389,-0.085,0.19,-0.348,46.3,39.73
"2021-07-17 16:30:00",2202,10.72,406,0,0.207,3.16,-1.17,0.28,-0.104,0.093,-0.358,43.67,38.44
"2021-07-17 17:00:00",2203,10.69,406,0,0.156,2.7,-1.24,0.239,-0.111,0.069,-0.358,44.55,38.39
"2021-07-17 17:30:00",2204,10.65,406,0,0.089,2.1,-1.33,0.186,-0.118,0.024,-0.362,46.44,38.06
"2021-07-17 18:00:00",2205,10.61,406,0,0.08,2.05,-1.38,0.182,-0.123,0.025,-0.359,44.36,39.03
"2021-07-17 18:30:00",2206,10.55,406,0,0.027,1.58,-1.46,0.14,-0.13,-0.011,-0.368,43.32,38.09
"2021-07-17 19:00:00",2207,10.52,406,0,-0.051,0.83,-1.53,0.073,-0.136,-0.067,-0.374,43.5,38.84
"2021-07-17 19:30:00",2208,10.46,406,0,-0.113,0.36,-1.71,0.032,-0.152,-0.101,-0.38,44.33,38.42
"2021-07-17 20:00:00",2209,10.36,406,0,-0.164,-0.14,-1.73,-0.014,-0.154,-0.133,-0.376,45.31,38.32
"2021-07-17 20:30:00",2210,10.28,406,0,-0.189,-0.36,-1.77,-0.032,-0.158,-0.151,-0.381,45.38,38.38
"2021-07-17 21:00:00",2211,10.07,406,0,-0.202,-0.46,-1.81,-0.041,-0.161,-0.159,-0.39,42.75,36.84
"2021-07-17 21:30:00",2212,9.83,406,0,-0.265,-0.66,-2.31,-0.059,-0.205,-0.232,-0.437,40.73,36.47
"2021-07-17 22:00:00",2213,9.68,406,0,-0.303,-1.23,-2.11,-0.11,-0.188,-0.238,-0.408,41.99,37.31
"2021-07-17 22:30:00",2214,9.52,406,0,-0.327,-1.47,-2.11,-0.131,-0.188,-0.247,-0.404,43.19,37.43
"2021-07-17 23:00:00",2215,9.33,406,0,-0.334,-1.53,-2.13,-0.136,-0.19,-0.238,-0.403,41.89,38.2
"2021-07-18 10:30:00",2216,9.77,406,0,0.21,2.96,-0.91,0.262,-0.082,0.16,-0.309,48.64,41.48
"2021-07-18 11:00:00",2217,10.43,406,0,0.364,4.43,-0.79,0.393,-0.071,0.275,-0.3,60.59,41.67
"2021-07-18 11:30:00",2218,10.94,406,0,0.409,4.78,-0.66,0.423,-0.06,0.31,-0.287,56.15,42.22
"2021-07-18 12:00:00",2219,11.14,406,0,0.333,3.93,-0.58,0.348,-0.053,0.291,-0.263,55.29,44.69
"2021-07-18 12:30:00",2220,10.94,406,0,0.366,4.26,-0.57,0.377,-0.052,0.288,-0.271,50.26,43.54
"2021-07-18 13:00:00",2221,10.95,406,0,0.541,6.07,-0.6,0.537,-0.054,0.354,-0.31,51.72,40.85
"2021-07-18 13:30:00",2222,10.84,406,0,0.423,5.14,-0.91,0.455,-0.082,0.236,-0.348,43.5,38.68
"2021-07-18 14:00:00",2223,10.82,406,0,0.335,4.03,-0.67,0.357,-0.06,0.25,-0.311,48.21,41.48
"2021-07-18 14:30:00",2224,10.74,406,0,0.253,3.3,-0.8,0.292,-0.071,0.171,-0.318,45.83,40.75
"2021-07-18 15:00:00",2225,10.7,406,0,0.441,5.15,-0.71,0.455,-0.064,0.337,-0.325,61.5,40.27
"2021-07-18 15:30:00",2226,10.65,406,0,0.362,4.42,-0.8,0.391,-0.072,0.224,-0.325,47.06,40.33
"2021-07-18 16:00:00",2227,10.6,406,0,0.378,4.85,-1.1,0.429,-0.098,0.16,-0.356,41.87,38.45
"2021-07-18 16:30:00",2228,10.53,406,0,0.214,3.23,-1.16,0.286,-0.104,0.089,-0.352,42.14,39.13
"2021-07-18 17:00:00",2229,10.48,406,0,0.193,3.05,-1.2,0.27,-0.107,0.111,-0.35,45.62,39.14
"2021-07-18 17:30:00",2230,10.42,406,0,0.167,2.77,-1.19,0.245,-0.107,0.105,-0.343,47.51,39.53
"2021-07-18 18:00:00",2231,10.32,406,0,0.085,2.08,-1.35,0.184,-0.12,0.034,-0.36,44.65,39.32
"2021-07-18 18:30:00",2232,10.18,406,0,0.007,1.46,-1.55,0.129,-0.138,-0.045,-0.38,44.69,37.95
"2021-07-18 19:00:00",2233,10,406,0,-0.072,0.7,-1.62,0.062,-0.145,-0.063,-0.371,45.57,39.24
"2021-07-18 19:30:00",2234,9.76,406,0,-0.148,0,-1.71,0,-0.152,-0.132,-0.374,44.6,37.7
"2021-07-18 20:00:00",2235,9.57,406,0,-0.208,-0.46,-1.88,-0.042,-0.167,-0.163,-0.39,45.33,37.91
"2021-07-18 20:30:00",2236,9.33,406,0,-0.253,-0.8,-2.02,-0.072,-0.179,-0.186,-0.401,43.74,37.82
"2021-07-19 10:30:00",2237,9.36,406,0,0.331,4.04,-0.73,0.358,-0.066,0.246,-0.292,51.03,42.9
"2021-07-20 11:00:00",2238,9.36,406,0,0.317,3.75,-0.56,0.332,-0.051,0.263,-0.262,49.82,43.77
"2021-07-20 11:30:00",2239,10.09,406,0,0.391,4.36,-0.4,0.386,-0.036,0.336,-0.246,57.78,44.85
"2021-07-20 12:00:00",2240,10.32,406,0,0.371,4.2,-0.45,0.372,-0.041,0.307,-0.278,56.88,42.85
"2021-07-20 12:30:00",2241,10.48,406,0,0.555,6.45,-0.86,0.571,-0.077,0.297,-0.311,47.05,41.56
"2021-07-20 13:00:00",2242,10.39,406,0,0.454,5.13,-0.54,0.454,-0.049,0.326,-0.297,52.12,41.25
"2021-07-20 13:30:00",2243,10.28,406,0,0.441,5.21,-0.78,0.461,-0.07,0.266,-0.327,45.24,40.74
"2021-07-20 14:00:00",2244,10.19,406,0,0.395,4.63,-0.66,0.41,-0.059,0.3,-0.304,51.96,41.66
"2021-07-20 14:30:00",2245,10.06,406,0,0.327,3.92,-0.64,0.347,-0.058,0.234,-0.292,46.78,42.38
"2021-07-20 15:00:00",2246,9.81,406,0,0.397,4.81,-0.83,0.426,-0.074,0.282,-0.329,52.69,39.59
"2021-07-20 15:30:00",2247,9.54,406,0,0.318,4.06,-0.9,0.359,-0.081,0.153,-0.337,43.81,39.15
"2021-07-21 11:00:00",2248,9.67,406,0,0.363,4.18,-0.52,0.37,-0.047,-99,-0.264,-99,44.35
"2021-07-21 11:30:00",2249,10.58,406,0,0.34,3.98,-0.56,0.352,-0.05,0.285,-0.262,53.8,45.83
"2021-07-21 12:00:00",2250,10.94,406,0,0.344,4.04,-0.58,0.357,-0.053,0.279,-0.267,51.83,44.53
"2021-07-21 12:30:00",2251,10.72,406,0,0.357,4.22,-0.63,0.373,-0.057,0.273,-0.284,48.62,43.81
"2021-07-21 13:00:00",2252,10.69,406,0,0.482,5.48,-0.61,0.485,-0.055,0.319,-0.309,51.23,40.62
"2021-07-21 13:30:00",2253,10.59,406,0,0.444,5.21,-0.75,0.461,-0.067,0.264,-0.332,45.13,39.49
"2021-07-21 14:00:00",2254,10.51,406,0,0.429,5.01,-0.69,0.444,-0.062,0.289,-0.324,48.78,40.14
"2021-07-21 14:30:00",2255,10.46,406,0,0.266,3.48,-0.85,0.308,-0.076,0.192,-0.316,45.72,40.91
"2021-07-21 15:00:00",2256,10.33,406,0,0.385,4.83,-0.99,0.428,-0.089,0.215,-0.348,47.37,38.57
"2021-07-21 15:30:00",2257,10.19,406,0,0.237,3.68,-1.41,0.326,-0.126,0.028,-0.393,41.35,36.84
"2021-07-21 16:00:00",2258,10.03,406,0,0.025,1.72,-1.64,0.152,-0.146,-0.044,-0.392,44.07,38.16
"2021-07-21 16:30:00",2259,9.78,406,0,0.105,2.04,-1.08,0.18,-0.096,0.067,-0.333,45.54,39.63
"2021-07-21 17:00:00",2260,9.54,406,0,0.092,2.16,-1.36,0.191,-0.121,0.029,-0.36,43.38,39.13
"2021-07-22 10:30:00",2261,9.47,406,0,0.326,3.85,-0.57,0.34,-0.051,0.26,-0.28,54.95,43.64
"2021-07-22 11:00:00",2262,10.35,406,0,0.286,3.48,-0.62,0.308,-0.055,0.24,-0.276,53.2,44.4
"2021-07-22 11:30:00",2263,10.61,406,0,0.312,3.93,-0.82,0.348,-0.073,0.206,-0.292,45.71,43.12
"2021-07-22 12:00:00",2264,11.37,406,0,0.297,3.54,-0.56,0.314,-0.051,0.28,-0.251,59.92,47.4
"2021-07-22 12:30:00",2265,10.89,406,0,0.359,4.23,-0.62,0.374,-0.056,0.281,-0.273,50.66,43.93
"2021-07-22 13:00:00",2266,10.79,406,0,0.4,4.76,-0.74,0.421,-0.067,0.249,-0.31,46.24,41.01
"2021-07-22 13:30:00",2267,10.75,406,0,0.407,4.87,-0.79,0.431,-0.071,0.279,-0.328,47.45,40.87
"2021-07-22 14:00:00",2268,10.7,406,0,0.444,4.97,-0.47,0.44,-0.042,0.349,-0.3,56.47,40.88
"2021-07-22 14:30:00",2269,10.66,406,0,0.376,4.88,-1.16,0.432,-0.103,0.124,-0.341,41.79,39.87
"2021-07-22 15:00:00",2270,10.55,406,0,0.41,5.21,-1.13,0.461,-0.101,0.179,-0.36,44.04,38.55
"2021-07-22 15:30:00",2271,10.51,406,0,0.28,3.92,-1.18,0.347,-0.105,0.144,-0.354,45.75,38.76
"2021-07-22 16:00:00",2272,10.43,406,0,0.194,3.09,-1.24,0.273,-0.111,0.043,-0.354,41.38,38.95
"2021-07-22 16:30:00",2273,10.33,406,0,0.061,1.82,-1.34,0.161,-0.12,0.016,-0.358,41.69,38.84
"2021-07-22 17:00:00",2274,10.23,406,0,0.065,1.97,-1.46,0.175,-0.13,0.035,-0.371,45.75,38.59
"2021-07-22 17:30:00",2275,10.04,406,0,0.003,1.32,-1.44,0.117,-0.129,-0.02,-0.36,46.06,38.65
"2021-07-22 18:00:00",2276,9.8,406,0,-0.019,1.2,-1.57,0.106,-0.14,-0.045,-0.372,43.61,38.52
"2021-07-22 18:30:00",2277,9.49,406,0,-0.071,0.73,-1.64,0.064,-0.146,-0.077,-0.374,45.82,38.81
"2021-07-23 10:30:00",2278,9.59,406,0,0.442,5.02,-0.56,0.444,-0.051,0.332,-0.294,52.67,41.94
"2021-07-23 11:00:00",2279,10.97,406,0,0.323,3.86,-0.62,0.341,-0.056,0.267,-0.267,50.85,43.86
"2021-07-23 11:30:00",2280,10.93,406,0,0.217,2.73,-0.57,0.241,-0.051,0.218,-0.258,50.93,45.86
"2021-07-23 12:00:00",2281,11.38,406,0,0.311,3.67,-0.55,0.325,-0.05,0.285,-0.25,55.85,46.48
"2021-07-23 12:30:00",2282,11.01,406,0,0.343,4.04,-0.59,0.358,-0.053,0.278,-0.27,53.56,44.2
"2021-07-23 13:00:00",2283,10.93,406,0,0.382,4.53,-0.69,0.401,-0.062,0.259,-0.321,45.51,40.28
"2021-07-23 13:30:00",2284,10.82,406,0,0.503,5.82,-0.75,0.515,-0.067,0.34,-0.33,57.78,40.52
"2021-07-23 14:00:00",2285,10.78,406,0,0.428,5.07,-0.77,0.449,-0.069,0.334,-0.323,57.4,41.13
"2021-07-23 14:30:00",2286,10.77,406,0,0.365,4.97,-1.38,0.439,-0.123,0.097,-0.362,41.17,39.15
"2021-07-23 15:00:00",2287,10.68,406,0,0.421,5.27,-1.07,0.467,-0.095,0.271,-0.358,55.81,39.69
"2021-07-23 15:30:00",2288,10.65,406,0,0.25,3.58,-1.14,0.317,-0.101,0.147,-0.355,45.33,38.86
"2021-07-23 16:00:00",2289,10.61,406,0,0.199,3.25,-1.36,0.288,-0.121,0.017,-0.369,41.16,38.57
"2021-07-23 16:30:00",2290,10.55,406,0,0.004,1.35,-1.47,0.119,-0.131,-0.023,-0.371,43.61,37.96
"2021-07-23 17:00:00",2291,10.48,406,0,0.02,1.53,-1.48,0.136,-0.132,-0.018,-0.369,45.92,39.59
"2021-07-23 17:30:00",2292,10.42,406,0,-0.01,1.2,-1.47,0.106,-0.131,-0.025,-0.359,45.63,39.05
"2021-07-23 18:00:00",2293,10.34,406,0,-0.06,0.83,-1.63,0.073,-0.145,-0.079,-0.375,42.31,38.62
"2021-07-23 18:30:00",2294,10.21,406,0,-0.066,0.72,-1.58,0.064,-0.14,-0.073,-0.368,44.06,38.83
"2021-07-23 19:00:00",2295,9.94,406,0,-0.116,0.3,-1.68,0.027,-0.15,-0.113,-0.378,44.48,38
"2021-07-23 19:30:00",2296,9.61,406,0,-0.17,-0.18,-1.76,-0.017,-0.156,-0.141,-0.377,43.99,38.49
"2021-07-23 20:00:00",2297,9.42,406,0,-0.2,-0.41,-1.84,-0.037,-0.163,-0.16,-0.385,43.58,38.65
"2021-07-23 20:30:00",2298,10.12,406,0,0.409,4.79,-0.67,0.424,-0.06,0.287,-0.294,51.12,41.89
"2021-07-23 21:00:00",2299,11.27,406,0,0.409,4.62,-0.49,0.409,-0.044,-99,-0.259,-99,45.74
"2021-07-23 21:30:00",2300,10.84,406,0,0.438,5.37,-0.99,0.476,-0.088,0.228,-0.327,50.01,40.54
"2021-07-23 22:00:00",2301,10.79,406,0,0.129,2.25,-1.04,0.199,-0.093,0.079,-0.309,44.52,41.52
"2021-07-23 22:30:00",2302,10.67,406,0,0.153,2.57,-1.12,0.227,-0.1,0.096,-0.327,46.32,41.91
"2021-07-23 23:00:00",2303,10.62,406,0,0.28,3.7,-0.93,0.328,-0.083,0.204,-0.325,52.06,40.6
"2021-07-23 23:30:00",2304,10.6,406,0,0.246,3.35,-0.93,0.297,-0.083,0.161,-0.318,46.76,40.85
"2021-07-24 00:00:00",2305,10.54,406,0,0.244,3.35,-0.96,0.297,-0.086,0.161,-0.329,47.53,40.23
"2021-07-24 00:30:00",2306,10.41,406,0,0.149,2.7,-1.31,0.239,-0.117,0.061,-0.356,44.82,39.74
"2021-07-24 01:00:00",2307,10.32,406,0,0.212,3.05,-0.98,0.27,-0.087,0.142,-0.322,48.17,41.44
"2021-07-24 01:30:00",2308,10.23,406,0,0.175,2.89,-1.23,0.256,-0.11,0.078,-0.352,44.81,39.99
"2021-07-24 02:00:00",2309,10.06,406,0,0.135,2.47,-1.22,0.219,-0.109,0.054,-0.35,45.09,41.1
"2021-07-24 02:30:00",2310,9.71,406,0,0.074,1.88,-1.26,0.167,-0.113,0.042,-0.348,48.97,39.9
"2021-07-24 03:00:00",2311,9.37,406,0,0.048,1.8,-1.46,0.16,-0.13,0.01,-0.363,45.81,38.5
"2021-07-26 11:30:00",2312,9.6,406,0,0.273,3.44,-0.72,0.304,-0.065,0.22,-0.286,60.48,42.98
"2021-07-26 12:00:00",2313,10.42,406,0,0.294,3.64,-0.71,0.322,-0.063,0.227,-0.277,52.18,44.78
"2021-07-26 12:30:00",2314,10.22,406,0,0.254,3.44,-0.94,0.304,-0.084,0.156,-0.312,46.25,41.75
"2021-07-26 13:00:00",2315,10.11,406,0,0.312,3.97,-0.87,0.352,-0.078,0.215,-0.319,51.55,41.09
"2021-07-26 13:30:00",2316,9.93,406,0,0.363,4.52,-0.9,0.4,-0.08,0.218,-0.333,47.46,40.47
"2021-07-26 14:00:00",2317,9.76,406,0,0.4,4.93,-0.94,0.436,-0.084,0.276,-0.336,49.73,39.69
"2021-07-26 14:30:00",2318,9.72,406,0,0.211,2.77,-0.68,0.246,-0.061,0.194,-0.279,49.54,43.23
"2021-07-27 12:00:00",2319,10.04,406,0,0.193,2.65,-0.76,0.234,-0.068,0.178,-0.254,48.61,47.52
"2021-07-27 12:30:00",2320,10.21,406,0,0.191,2.54,-0.65,0.225,-0.059,0.193,-0.254,49.69,46.12
"2021-07-27 13:00:00",2321,10.21,406,0,0.348,4.06,-0.56,0.36,-0.05,0.273,-0.289,54.48,43.04
"2021-07-27 13:30:00",2322,10.07,406,0,0.362,4.3,-0.66,0.381,-0.059,0.251,-0.309,47.08,41.59
"2021-07-27 14:00:00",2323,9.84,406,0,0.568,6.54,-0.81,0.579,-0.072,0.357,-0.34,48.27,40.15
"2021-07-27 14:30:00",2324,9.98,406,0,0.324,3.75,-0.48,0.332,-0.044,-99,-0.251,-99,45.49
"2021-07-27 15:00:00",2325,9.38,406,0,0.46,5.44,-0.82,0.481,-0.074,0.347,-0.349,57.3,39.56
"2021-07-28 11:00:00",2326,10.21,406,0,0.316,3.69,-0.51,0.326,-0.046,0.264,-0.263,50.07,45.26
"2021-07-28 11:30:00",2327,11.19,406,0,0.403,4.58,-0.51,0.405,-0.046,0.336,-0.268,56.77,44.52
"2021-07-28 12:00:00",2328,11.22,406,0,0.391,4.46,-0.51,0.395,-0.046,0.316,-0.269,56.4,43.47
"2021-07-28 12:30:00",2329,10.72,406,0,0.4,5.04,-1.06,0.446,-0.095,0.157,-0.33,40.22,40.95
"2021-07-28 13:00:00",2330,10.66,406,0,0.262,3.47,-0.88,0.307,-0.079,0.17,-0.325,44.79,40.55
"2021-07-28 13:30:00",2331,10.62,406,0,0.345,4.04,-0.57,0.358,-0.052,-99,-0.295,-99,42
"2021-07-28 14:00:00",2332,10.55,406,0,0.306,4.13,-1.12,0.365,-0.1,0.141,-0.359,44.2,39.54
"2021-07-28 14:30:00",2333,10.58,406,0,0.284,3.49,-0.65,0.309,-0.059,0.244,-0.274,60.15,44.73
"2021-07-28 15:00:00",2334,10.44,406,0,0.413,5.11,-0.99,0.452,-0.088,0.254,-0.356,50.1,39.64
"2021-07-28 15:30:00",2335,10.34,406,0,0.253,3.57,-1.1,0.316,-0.099,0.148,-0.35,47.34,39.78
"2021-07-28 16:00:00",2336,10.26,406,0,0.18,2.72,-0.98,0.24,-0.088,0.115,-0.318,48.1,41.37
"2021-07-28 16:30:00",2337,10.13,406,0,0.166,2.78,-1.21,0.246,-0.108,0.098,-0.354,45.61,38.89
"2021-07-28 17:00:00",2338,9.94,406,0,0.065,1.99,-1.48,0.176,-0.132,0.004,-0.372,42.99,38.59
"2021-07-28 17:30:00",2339,9.68,406,0,-0.082,0.68,-1.71,0.06,-0.153,-0.1,-0.389,42.42,38.59
"2021-07-30 11:00:00",2340,10.26,406,0,0.321,3.91,-0.7,0.346,-0.063,0.245,-0.281,49.54,43.64
"2021-07-30 11:30:00",2341,11.34,406,0,0.335,3.89,-0.52,0.344,-0.047,0.289,-0.259,53.65,44.7
"2021-07-30 12:00:00",2342,11.24,406,0,0.327,3.87,-0.58,0.342,-0.052,0.28,-0.262,51.11,46.04
"2021-07-30 12:30:00",2343,10.83,406,0,0.251,3.26,-0.77,0.289,-0.069,0.194,-0.29,45.06,43.3
"2021-07-30 13:00:00",2344,10.78,406,0,0.447,5.44,-0.97,0.481,-0.086,0.197,-0.355,42.45,39.19
"2021-07-30 13:30:00",2345,10.79,406,0,0.444,5.09,-0.61,0.45,-0.054,0.326,-0.318,53.11,40.16
"2021-07-30 14:00:00",2346,10.68,406,0,0.384,4.9,-1.09,0.434,-0.097,0.175,-0.357,41.37,40.02
"2021-07-30 14:30:00",2347,10.64,406,0,0.203,2.77,-0.77,0.245,-0.069,0.171,-0.324,49.19,41.21
"2021-07-30 15:00:00",2348,10.57,406,0,0.24,3.48,-1.15,0.308,-0.103,0.111,-0.357,45.7,39.12
"2021-07-30 15:30:00",2349,10.5,406,0,0.237,3.33,-1.01,0.294,-0.09,0.163,-0.335,50.61,40.16
"2021-07-30 16:00:00",2350,10.46,406,0,0.176,2.66,-0.96,0.236,-0.086,0.111,-0.314,50.07,42.1
"2021-07-30 16:30:00",2351,10.4,406,0,0.104,2.13,-1.19,0.188,-0.106,0.05,-0.356,43.92,39.52
"2021-07-30 17:00:00",2352,10.32,406,0,0.066,1.96,-1.44,0.173,-0.128,0.008,-0.366,44.69,38.38
"2021-07-30 17:30:00",2353,10.19,406,0,0.033,1.61,-1.43,0.143,-0.127,-0.008,-0.367,42.95,38.45
"2021-07-30 18:00:00",2354,10.07,406,0,0.008,1.41,-1.49,0.124,-0.132,-0.025,-0.371,47.02,39.2
"2021-07-30 18:30:00",2355,9.87,406,0,-0.017,1.19,-1.54,0.105,-0.137,-0.036,-0.373,42.92,39.09
"2021-07-30 19:00:00",2356,9.62,406,0,-0.076,0.7,-1.67,0.062,-0.149,-0.088,-0.383,44.14,38.07
"2021-08-02 11:00:00",2357,9.97,406,0,0.275,3.31,-0.55,0.293,-0.05,-99,-0.243,-99,48.23
"2021-08-02 11:30:00",2358,11.07,406,0,0.331,3.85,-0.52,0.341,-0.047,0.292,-0.257,58.51,45.15
"2021-08-02 12:00:00",2359,11.12,406,0,0.341,4.02,-0.59,0.356,-0.053,0.292,-0.257,53.48,46.33
"2021-08-02 12:30:00",2360,10.82,406,0,0.273,3.54,-0.83,0.313,-0.075,0.209,-0.286,46.17,43.84
"2021-08-02 13:00:00",2361,10.57,406,0,0.44,5.49,-1.1,0.486,-0.099,0.167,-0.361,41.35,37.77
"2021-08-02 13:30:00",2362,10.59,406,0,0.515,5.95,-0.76,0.526,-0.068,0.355,-0.338,56.22,39.27
"2021-08-02 14:00:00",2363,10.51,406,0,0.373,4.78,-1.08,0.423,-0.096,0.189,-0.35,43.86,38.77
"2021-08-02 14:30:00",2364,10.62,406,0,0.224,2.94,-0.72,0.26,-0.065,0.211,-0.266,63.99,44.26
"2021-08-02 15:00:00",2365,10.42,406,0,0.327,4.61,-1.41,0.408,-0.126,0.082,-0.388,40.67,36.68
"2021-08-02 15:30:00",2366,10.31,406,0,0.188,3,-1.2,0.265,-0.107,0.137,-0.355,52.42,38.36
"2021-08-02 16:00:00",2367,10.16,406,0,0.132,2.17,-0.92,0.192,-0.083,0.087,-0.3,51.01,42.2
"2021-08-02 16:30:00",2368,9.99,406,0,0.134,2.96,-1.78,0.262,-0.159,0.005,-0.404,42.95,38.86
"2021-08-02 17:00:00",2369,9.76,406,0,-0.005,1.36,-1.59,0.121,-0.141,-0.043,-0.375,42.58,38.75
"2021-08-05 11:00:00",2370,10.49,406,0,0.44,4.94,-0.49,0.437,-0.044,-99,-0.252,-99,45.29
"2021-08-05 11:30:00",2371,10.58,406,0,0.117,1.79,-0.66,0.158,-0.06,0.165,-0.247,50.81,46.3
"2021-08-05 12:00:00",2372,10.45,406,0,0.28,3.29,-0.48,0.291,-0.044,-99,-0.222,-99,50.97
"2021-08-05 12:30:00",2373,10.41,406,0,0.735,8.38,-0.96,0.742,-0.085,0.302,-0.31,46.48,42.24
"2021-08-05 13:00:00",2374,10.11,406,0,0.378,4.88,-1.13,0.432,-0.101,0.168,-0.354,43.79,39.79
"2021-08-05 13:30:00",2375,9.81,406,0,0.402,4.96,-0.95,0.439,-0.085,0.263,-0.335,52.42,39.87
"2021-08-05 14:00:00",2376,9.46,406,0,0.304,4.03,-1.03,0.357,-0.092,0.203,-0.336,46.03,40.53
"2021-08-06 10:30:00",2377,10.82,406,0,0.266,3.53,-0.9,0.312,-0.081,0.193,-0.304,50.32,41.36
"2021-08-06 11:00:00",2378,11.43,406,0,0.176,2.55,-0.84,0.226,-0.075,0.169,-0.277,51.65,44.51
"2021-08-06 11:30:00",2379,11.72,406,0,0.259,3.22,-0.64,0.285,-0.058,0.248,-0.254,58.75,47.06
"2021-08-06 12:00:00",2380,11.17,406,0,0.238,3.03,-0.67,0.268,-0.061,0.235,-0.246,60.05,48.11
"2021-08-06 12:30:00",2381,10.99,406,0,0.11,1.89,-0.85,0.167,-0.076,0.105,-0.277,43.52,43.99
"2021-08-06 13:00:00",2382,10.88,406,0,0.41,5.28,-1.21,0.467,-0.108,0.145,-0.369,41.55,38.29
"2021-08-06 13:30:00",2383,10.83,406,0,0.34,4.32,-0.94,0.383,-0.084,0.207,-0.336,47,39.6
"2021-08-06 14:00:00",2384,10.78,406,0,0.302,4.05,-1.07,0.359,-0.096,0.161,-0.351,44.34,39.83
"2021-08-06 14:30:00",2385,10.8,406,0,0.381,4.72,-0.92,0.418,-0.083,-99,-0.313,-99,41.45
"2021-08-06 15:00:00",2386,10.72,406,0,0.184,3.07,-1.33,0.271,-0.119,0.057,-0.367,42.22,38.13
"2021-08-06 15:30:00",2387,10.68,406,0,0.151,2.63,-1.22,0.233,-0.109,0.088,-0.349,47.9,40.18
"2021-08-06 16:00:00",2388,10.64,406,0,0.066,1.6,-1.03,0.142,-0.092,0,-0.324,42.99,40.97
"2021-08-06 16:30:00",2389,10.59,406,0,0.003,1.5,-1.65,0.133,-0.147,-0.051,-0.385,40.56,37.55
"2021-08-06 17:00:00",2390,10.54,406,0,-0.03,1.04,-1.52,0.092,-0.135,-0.054,-0.371,43.47,38.14
"2021-08-06 17:30:00",2391,10.49,406,0,-0.054,0.86,-1.59,0.076,-0.142,-0.066,-0.375,44.96,38.48
"2021-08-06 18:00:00",2392,10.42,406,0,-0.075,0.72,-1.68,0.064,-0.15,-0.075,-0.381,43.69,38.61
"2021-08-06 18:30:00",2393,10.32,406,0,-0.098,0.45,-1.64,0.04,-0.146,-0.101,-0.38,43.9,39.65
"2021-08-06 19:00:00",2394,10.2,406,0,-0.153,0,-1.77,0,-0.157,-0.126,-0.384,43.47,38.38
"2021-08-06 19:30:00",2395,10.05,406,0,-0.201,-0.38,-1.89,-0.034,-0.169,-0.167,-0.391,42.01,38.01
"2021-08-06 20:00:00",2396,9.78,406,0,-0.247,-0.76,-1.99,-0.068,-0.177,-0.194,-0.397,42.66,38.24
"2021-08-06 20:30:00",2397,9.59,406,0,-0.279,-1.02,-2.07,-0.091,-0.184,-0.211,-0.407,42.37,38.11
"2021-08-09 11:00:00",2398,10.15,406,0,0.151,2.27,-0.81,0.201,-0.073,0.155,-0.276,60.15,45.54
"2021-08-09 11:30:00",2399,10.25,406,0,0.258,3.3,-0.74,0.292,-0.066,-99,-0.275,-99,45.77
"2021-08-09 12:00:00",2400,10.38,406,0,0.27,3.34,-0.65,0.296,-0.059,0.253,-0.248,52.41,46.77
"2021-08-09 12:30:00",2401,9.86,406,0,0.39,4.65,-0.74,0.411,-0.066,0.285,-0.297,49.33,43.02
"2021-08-10 10:30:00",2402,11.02,406,0,0.296,3.82,-0.89,0.338,-0.079,0.228,-0.305,49.55,41.42
"2021-08-10 11:00:00",2403,11.42,406,0,0.3,3.67,-0.67,0.325,-0.06,0.27,-0.271,56.29,44.04
"2021-08-10 11:30:00",2404,11.71,406,0,0.347,4.06,-0.57,0.36,-0.051,0.272,-0.273,53.12,43.35
"2021-08-10 12:00:00",2405,11.04,406,0,0.315,3.7,-0.53,0.328,-0.048,0.292,-0.245,58.18,47.07
"2021-08-10 12:30:00",2406,10.92,406,0,0.246,3.1,-0.65,0.274,-0.059,0.21,-0.274,45.7,45.18
"2021-08-10 13:00:00",2407,10.79,406,0,0.462,5.57,-0.94,0.493,-0.084,0.223,-0.345,43.22,39.13
"2021-08-10 13:30:00",2408,10.72,406,0,0.371,4.6,-0.9,0.407,-0.081,0.207,-0.332,44.93,41.52
"2021-08-10 14:00:00",2409,10.69,406,0,0.393,4.84,-0.91,0.428,-0.082,0.219,-0.342,45.56,40.34
"2021-08-10 14:30:00",2410,10.63,406,0,0.253,3.49,-1.01,0.309,-0.09,0.144,-0.321,43.44,41.84
"2021-08-10 15:00:00",2411,10.56,406,0,0.346,4.65,-1.24,0.412,-0.111,0.17,-0.369,42.89,38.8
"2021-08-10 15:30:00",2412,10.53,406,0,0.267,3.8,-1.19,0.336,-0.106,0.131,-0.36,47.34,39.62
"2021-08-10 16:00:00",2413,10.48,406,0,0.07,1.69,-1.09,0.149,-0.098,0.012,-0.32,43.29,41.28
"2021-08-10 16:30:00",2414,10.41,406,0,0.111,2.37,-1.38,0.21,-0.123,0.029,-0.362,41.43,39
"2021-08-10 17:00:00",2415,10.33,406,0,0.061,1.87,-1.4,0.165,-0.125,0.012,-0.365,44.63,40.39
"2021-08-10 17:30:00",2416,10.21,406,0,-0.016,1.19,-1.53,0.105,-0.136,-0.033,-0.362,44.14,40.05
"2021-08-10 18:00:00",2417,10.07,406,0,-0.024,1.15,-1.57,0.101,-0.14,-0.048,-0.37,44.41,39.59
"2021-08-10 18:30:00",2418,9.88,406,0,-0.071,0.7,-1.61,0.062,-0.144,-0.074,-0.373,44.16,39.09
"2021-08-10 19:00:00",2419,9.61,406,0,-0.132,0.21,-1.76,0.019,-0.156,-0.121,-0.381,44.54,38.38
"2021-08-11 10:30:00",2420,11.05,406,0,0.252,3.4,-0.92,0.301,-0.082,0.19,-0.31,49.49,41.51
"2021-08-11 11:00:00",2421,11.59,406,0,0.3,3.65,-0.65,0.323,-0.059,0.265,-0.277,60.93,45.11
"2021-08-11 11:30:00",2422,11.69,406,0,0.306,3.76,-0.7,0.333,-0.063,0.268,-0.28,52.47,43.85
"2021-08-11 12:00:00",2423,11.12,406,0,0.265,3.3,-0.66,0.292,-0.059,0.24,-0.257,54.78,46.16
"2021-08-11 12:30:00",2424,11,406,0,0.201,2.71,-0.73,0.24,-0.065,0.179,-0.279,46.6,43.6
"2021-08-11 13:00:00",2425,10.9,406,0,0.33,4.22,-0.94,0.373,-0.084,0.17,-0.346,43.08,39.82
"2021-08-11 13:30:00",2426,10.86,406,0,0.384,4.75,-0.92,0.42,-0.083,0.222,-0.337,43.55,40.55
"2021-08-11 14:00:00",2427,10.8,406,0,0.397,4.84,-0.87,0.429,-0.078,0.231,-0.337,44.54,39.47
"2021-08-11 14:30:00",2428,10.77,406,0,0.295,3.87,-0.95,0.343,-0.085,0.187,-0.312,45.97,41.32
"2021-08-11 15:00:00",2429,10.72,406,0,0.317,4.24,-1.11,0.375,-0.099,0.152,-0.355,45.55,39.66
"2021-08-11 15:30:00",2430,10.7,406,0,0.255,3.66,-1.17,0.324,-0.105,0.134,-0.352,46.49,39.76
"2021-08-11 16:00:00",2431,10.66,406,0,0.127,2.27,-1.09,0.201,-0.098,0.045,-0.334,43.02,40.02
"2021-08-11 16:30:00",2432,10.63,406,0,0.144,2.6,-1.26,0.23,-0.112,0.059,-0.354,45.83,38.95
"2021-08-11 17:00:00",2433,10.61,406,0,0.061,1.86,-1.38,0.165,-0.123,0.018,-0.357,45.41,39.51
"2021-08-11 17:30:00",2434,10.56,406,0,0.041,1.68,-1.41,0.149,-0.125,0.004,-0.362,47.51,39.39
"2021-08-11 18:00:00",2435,10.51,406,0,0.021,1.54,-1.48,0.137,-0.132,-0.011,-0.364,44.12,40.03
"2021-08-11 18:30:00",2436,10.46,406,0,-0.027,1.11,-1.56,0.098,-0.139,-0.039,-0.366,44.18,39.11
"2021-08-11 19:00:00",2437,10.38,406,0,-0.069,0.71,-1.6,0.063,-0.142,-0.076,-0.373,44.81,39.58
"2021-08-11 19:30:00",2438,10.29,406,0,-0.148,0.06,-1.77,0.005,-0.157,-0.124,-0.378,42.85,38.61
"2021-08-11 20:00:00",2439,10.14,406,0,-0.207,-0.46,-1.87,-0.041,-0.166,-0.158,-0.381,43.69,38.61
"2021-08-11 20:30:00",2440,10.03,406,0,-0.217,-0.59,-1.84,-0.053,-0.163,-0.168,-0.386,44.05,38.15
"2021-08-11 21:00:00",2441,9.79,406,0,-0.22,-0.63,-1.83,-0.057,-0.163,-0.168,-0.381,43.55,38.73
"2021-08-11 21:30:00",2442,9.57,406,0,-0.247,-0.82,-1.92,-0.073,-0.171,-0.185,-0.39,43.62,39.36
"2021-08-12 10:00:00",2443,9.63,406,0,0.341,4.24,-0.84,0.375,-0.076,0.263,-0.296,52.35,42.88
"2021-08-12 10:30:00",2444,11.27,406,0,0.343,4.22,-0.79,0.373,-0.071,0.249,-0.307,50.33,42.1
"2021-08-12 11:00:00",2445,11.56,406,0,0.311,3.57,-0.43,0.316,-0.039,0.29,-0.249,61.95,46.13
"2021-08-12 11:30:00",2446,11.63,406,0,0.26,3.3,-0.71,0.292,-0.064,0.235,-0.273,49.54,43.66
"2021-08-12 12:00:00",2447,11.17,406,0,0.367,4.21,-0.51,0.373,-0.046,0.313,-0.256,54.47,44.86
"2021-08-12 12:30:00",2448,11.01,406,0,0.277,3.42,-0.66,0.303,-0.06,0.211,-0.279,45.48,43.98
"2021-08-12 13:00:00",2449,10.94,406,0,0.455,5.4,-0.83,0.478,-0.074,0.217,-0.346,42.68,39.42
"2021-08-12 13:30:00",2450,10.9,406,0,0.364,4.54,-0.91,0.402,-0.081,0.206,-0.338,44.5,39.85
"2021-08-12 14:00:00",2451,10.87,406,0,0.339,4.29,-0.92,0.379,-0.082,0.19,-0.339,45.1,39.77
"2021-08-12 14:30:00",2452,10.83,406,0,0.292,3.8,-0.91,0.336,-0.081,0.187,-0.319,47.75,42.27
"2021-08-12 15:00:00",2453,10.79,406,0,0.321,4.3,-1.13,0.381,-0.101,0.151,-0.358,44.18,38.7
"2021-08-12 15:30:00",2454,10.77,406,0,0.222,3.35,-1.21,0.297,-0.108,0.109,-0.348,44.78,39.72
"2021-08-12 16:00:00",2455,10.74,406,0,0.182,2.92,-1.18,0.258,-0.106,0.085,-0.346,44.81,40.31
"2021-08-12 16:30:00",2456,10.71,406,0,0.188,3.04,-1.25,0.269,-0.111,0.093,-0.351,47.29,40.72
"2021-08-12 17:00:00",2457,10.67,406,0,0.1,2.15,-1.26,0.19,-0.112,0.039,-0.352,44.61,39.81
"2021-08-12 17:30:00",2458,10.63,406,0,0.073,2,-1.4,0.177,-0.125,0.029,-0.359,44.33,39.67
"2021-08-12 18:00:00",2459,10.61,406,0,0.044,1.77,-1.48,0.157,-0.132,0,-0.362,44.32,39.1
"2021-08-12 18:30:00",2460,10.55,406,0,-0.011,1.21,-1.49,0.107,-0.133,-0.037,-0.367,44.4,38.65
"2021-08-12 19:00:00",2461,10.5,406,0,-0.053,0.88,-1.6,0.077,-0.143,-0.064,-0.373,45.11,39.06
"2021-08-12 19:30:00",2462,10.44,406,0,-0.114,0.37,-1.73,0.033,-0.154,-0.097,-0.373,43.52,39.01
"2021-08-12 20:00:00",2463,10.35,406,0,-0.167,-0.16,-1.75,-0.015,-0.156,-0.137,-0.38,43.9,39.24
"2021-08-12 20:30:00",2464,10.28,406,0,-0.199,-0.44,-1.8,-0.04,-0.16,-0.16,-0.379,44.82,38.09
"2021-08-12 21:00:00",2465,10.18,406,0,-0.221,-0.67,-1.79,-0.06,-0.159,-0.168,-0.377,44.42,39.34
"2021-08-12 21:30:00",2466,10.05,406,0,-0.247,-0.88,-1.86,-0.078,-0.165,-0.183,-0.379,43.9,38.83
"2021-08-12 22:00:00",2467,9.86,406,0,-0.253,-0.91,-1.89,-0.082,-0.168,-0.191,-0.383,44.05,38.72
"2021-08-12 22:30:00",2468,9.61,406,0,-0.27,-1.09,-1.89,-0.098,-0.168,-0.202,-0.378,44.75,39
"2021-08-13 10:00:00",2469,9.89,406,0,0.338,4.18,-0.81,0.37,-0.072,0.236,-0.299,51.75,42.29
"2021-08-13 10:30:00",2470,11.2,406,0,0.357,4.35,-0.78,0.385,-0.07,0.259,-0.306,51.01,40.98
"2021-08-13 11:00:00",2471,11.42,406,0,0.266,3.45,-0.81,0.306,-0.072,0.211,-0.297,49.94,42.81
"2021-08-13 11:30:00",2472,11.59,406,0,0.282,3.34,-0.51,0.296,-0.046,0.254,-0.259,53.2,44.84
"2021-08-13 12:00:00",2473,11.19,406,0,0.32,3.75,-0.53,0.332,-0.048,0.285,-0.245,57.13,46.3
"2021-08-13 12:30:00",2474,11.05,406,0,0.22,2.88,-0.7,0.255,-0.063,0.175,-0.276,46.1,44.19
"2021-08-13 13:00:00",2475,10.96,406,0,0.503,5.94,-0.89,0.526,-0.08,0.264,-0.346,42.55,38.57
"2021-08-13 13:30:00",2476,10.92,406,0,0.512,5.87,-0.7,0.52,-0.063,0.289,-0.335,45.31,39.58
"2021-08-13 14:00:00",2477,10.89,406,0,0.488,5.67,-0.75,0.502,-0.067,0.276,-0.335,44.7,39.22
"2021-08-13 14:30:00",2478,10.85,406,0,0.357,4.49,-0.93,0.397,-0.083,0.205,-0.32,45.65,40.75
"2021-08-13 15:00:00",2479,10.81,406,0,0.321,4.24,-1.07,0.375,-0.096,0.16,-0.353,44.79,38.9
"2021-08-13 15:30:00",2480,10.78,406,0,0.241,3.54,-1.2,0.313,-0.107,0.111,-0.351,42.46,38.48
"2021-08-13 16:00:00",2481,10.75,406,0,0.218,3.3,-1.2,0.292,-0.107,0.087,-0.36,43.65,39.16
"2021-08-13 16:30:00",2482,10.73,406,0,0.198,3.13,-1.23,0.277,-0.11,0.102,-0.355,46.81,39.11
"2021-08-13 17:00:00",2483,10.69,406,0,0.076,2.01,-1.38,0.178,-0.123,0.028,-0.359,45.53,39.48
"2021-08-13 17:30:00",2484,10.65,406,0,0.051,1.81,-1.44,0.16,-0.128,0.007,-0.363,45.74,38.6
"2021-08-13 18:00:00",2485,10.62,406,0,0.018,1.5,-1.47,0.133,-0.131,-0.022,-0.369,44.96,38.91
"2021-08-13 18:30:00",2486,10.59,406,0,-0.021,1.11,-1.49,0.098,-0.133,-0.044,-0.37,43.31,38.5
"2021-08-13 19:00:00",2487,10.57,406,0,-0.099,0.53,-1.74,0.046,-0.155,-0.098,-0.377,43.46,39.22
"2021-08-13 19:30:00",2488,10.52,406,0,-0.168,-0.14,-1.78,-0.014,-0.159,-0.136,-0.379,43.75,39.25
"2021-08-13 20:00:00",2489,10.46,406,0,-0.201,-0.5,-1.76,-0.045,-0.156,-0.159,-0.378,45.52,38.12
"2021-08-13 20:30:00",2490,10.37,406,0,-0.24,-0.7,-1.98,-0.063,-0.176,-0.196,-0.404,33.97,33.87
"2021-08-13 21:00:00",2491,10.29,406,0,-0.289,-1.1,-2.09,-0.098,-0.185,-0.209,-0.399,44.59,37.18
"2021-08-13 21:30:00",2492,10.16,406,0,-0.299,-1.37,-1.9,-0.122,-0.169,-0.228,-0.384,42.93,39.36
"2021-08-13 22:00:00",2493,10.07,406,0,-0.293,-1.24,-1.98,-0.111,-0.176,-0.219,-0.384,43.83,39.17
"2021-08-13 22:30:00",2494,9.92,406,0,-0.301,-1.27,-2.04,-0.113,-0.182,-0.216,-0.388,44.75,39.26
"2021-08-13 23:00:00",2495,9.68,406,0,-0.286,-1.19,-1.96,-0.106,-0.175,-0.207,-0.388,44.25,38.75
"2021-08-14 10:00:00",2496,10.2,406,0,0.248,3.28,-0.83,0.29,-0.074,0.192,-0.294,51.82,41.93
"2021-08-14 10:30:00",2497,11.16,406,0,0.35,4.19,-0.68,0.371,-0.061,-99,-0.284,-99,44.01
"2021-08-14 11:00:00",2498,11.07,406,0,0.282,3.61,-0.81,0.319,-0.072,0.197,-0.297,46.56,42.74
"2021-08-14 11:30:00",2499,11.38,406,0,0.221,2.98,-0.8,0.264,-0.071,0.208,-0.281,51.58,43.77
"2021-08-14 12:00:00",2500,11.12,406,0,0.269,3.35,-0.67,0.296,-0.06,0.245,-0.255,56.91,45.64
"2021-08-14 12:30:00",2501,11.02,406,0,0.241,3.13,-0.74,0.277,-0.066,0.198,-0.271,48.32,44.09
"2021-08-14 13:00:00",2502,10.93,406,0,0.421,5.2,-1,0.46,-0.089,0.213,-0.34,42.17,39.84
"2021-08-14 13:30:00",2503,10.9,406,0,0.469,5.52,-0.81,0.489,-0.073,0.282,-0.342,45.67,40.19
"2021-08-14 14:00:00",2504,10.87,406,0,0.436,5.2,-0.82,0.46,-0.073,0.25,-0.341,44.6,38.96
"2021-08-14 14:30:00",2505,10.82,406,0,0.358,4.5,-0.94,0.398,-0.084,0.227,-0.315,48.78,41.49
"2021-08-14 15:00:00",2506,10.78,406,0,0.352,4.6,-1.12,0.407,-0.1,0.147,-0.364,44.68,38.94
"2021-08-14 15:30:00",2507,10.76,406,0,0.158,2.77,-1.29,0.245,-0.115,0.078,-0.357,44.43,39.51
"2021-08-14 16:00:00",2508,10.71,406,0,0.18,3.01,-1.31,0.266,-0.117,0.072,-0.358,45.33,38.61
"2021-08-14 16:30:00",2509,10.7,406,0,0.183,2.93,-1.18,0.26,-0.106,0.122,-0.345,50.96,39.54
"2021-08-14 17:00:00",2510,10.66,406,0,0.088,2.13,-1.38,0.189,-0.123,0.025,-0.359,44.5,39.85
"2021-08-14 17:30:00",2511,10.63,406,0,0.052,1.77,-1.39,0.157,-0.124,0.014,-0.358,44.98,39.91
"2021-08-14 18:00:00",2512,10.58,406,0,0.03,1.64,-1.49,0.145,-0.133,-0.011,-0.367,44.22,39.14
"2021-08-14 18:30:00",2513,10.56,406,0,-0.027,1.13,-1.59,0.1,-0.141,-0.045,-0.37,43.3,39.47
"2021-08-14 19:00:00",2514,10.49,406,0,-0.088,0.58,-1.67,0.051,-0.149,-0.088,-0.378,44.89,38.99
"2021-08-14 19:30:00",2515,10.44,406,0,-0.166,-0.15,-1.75,-0.014,-0.156,-0.137,-0.378,44.61,38.97
"2021-08-14 20:00:00",2516,10.34,406,0,-0.207,-0.43,-1.9,-0.039,-0.169,-0.161,-0.383,43.64,38.57
"2021-08-14 20:30:00",2517,10.2,406,0,-0.224,-0.65,-1.85,-0.059,-0.165,-0.169,-0.383,43.91,39.24
"2021-08-14 21:00:00",2518,10.07,406,0,-0.239,-0.8,-1.86,-0.072,-0.166,-0.183,-0.378,44.55,38.9
"2021-08-14 21:30:00",2519,9.93,406,0,-0.244,-0.87,-1.84,-0.078,-0.163,-0.176,-0.378,43.55,38.62
"2021-08-14 22:00:00",2520,9.72,406,0,-0.265,-0.99,-1.94,-0.088,-0.172,-0.202,-0.386,44.12,39.45
"2021-08-15 11:00:00",2521,9.66,406,0,0.114,2.1,-1.05,0.186,-0.093,0.108,-0.311,54.33,41.38
"2021-08-15 11:30:00",2522,9.67,406,0,0.108,2,-1,0.177,-0.089,0.095,-0.298,48.6,43.69
"2021-08-15 12:00:00",2523,10.66,406,0,0.353,4.46,-0.95,0.395,-0.085,-99,-0.29,-99,43.45
"2021-08-15 12:30:00",2524,10.42,406,0,0.249,3.46,-1.02,0.306,-0.091,0.129,-0.319,42.95,42.69
"2021-08-15 13:00:00",2525,10.3,406,0,0.232,3.3,-1.04,0.292,-0.093,0.155,-0.323,45.95,42.28
"2021-08-15 13:30:00",2526,10.2,406,0,0.36,4.44,-0.85,0.393,-0.076,0.205,-0.328,46.07,40.01
"2021-08-15 14:00:00",2527,9.97,406,0,0.292,3.88,-1,0.344,-0.09,0.186,-0.333,47.41,40.42
"2021-08-15 14:30:00",2528,9.64,406,0,0.228,3.36,-1.15,0.297,-0.103,0.126,-0.34,46.13,40.22
"2021-08-17 10:30:00",2529,10.51,406,0,0.383,4.47,-0.62,0.396,-0.056,-99,-0.281,-99,44.28
"2021-08-17 11:00:00",2530,10.19,406,0,0.233,3.32,-1.05,0.294,-0.094,0.143,-0.327,44.63,40.38
"2021-08-17 12:00:00",2531,10.29,406,0,0.024,1.31,-1.19,0.116,-0.106,0.073,-0.293,56.42,43.32
"2021-08-17 12:30:00",2532,10.28,406,0,0.382,4.56,-0.73,0.404,-0.066,0.274,-0.296,48.98,42.83
"2021-08-17 13:00:00",2533,9.87,406,0,0.503,5.73,-0.65,0.507,-0.059,0.314,-0.305,47.83,41.51
"2021-08-17 13:30:00",2534,9.63,406,0,0.491,5.36,-0.37,0.475,-0.033,0.361,-0.29,48.03,41.71
"2021-08-18 10:30:00",2535,11.02,406,0,0.337,3.96,-0.57,0.35,-0.052,-99,-0.27,-99,44.92
"2021-08-18 11:00:00",2536,10.97,406,0,0.322,3.97,-0.75,0.352,-0.067,0.238,-0.29,45.83,43.66
"2021-08-18 11:30:00",2537,10.83,406,0,0.379,4.51,-0.71,0.399,-0.064,0.301,-0.293,54.27,42.42
"2021-08-18 12:00:00",2538,10.73,406,0,0.43,5.18,-0.87,0.458,-0.078,0.245,-0.315,45.93,42.1
"2021-08-18 12:30:00",2539,10.59,406,0,0.378,4.65,-0.87,0.412,-0.078,0.213,-0.316,44.28,41.28
"2021-08-18 13:00:00",2540,10.49,406,0,0.368,4.54,-0.86,0.402,-0.077,0.219,-0.319,44.38,40.14
"2021-08-18 13:30:00",2541,10.43,406,0,0.398,4.82,-0.83,0.426,-0.074,0.259,-0.325,48.01,40.2
"2021-08-18 14:00:00",2542,10.32,406,0,0.325,4.12,-0.89,0.365,-0.08,0.197,-0.325,44.17,39.93
"2021-08-18 14:30:00",2543,10.19,406,0,0.15,2.44,-1.01,0.216,-0.09,0.119,-0.309,45.99,40.92
"2021-08-18 15:00:00",2544,10.06,406,0,0.279,3.82,-1.08,0.338,-0.096,0.139,-0.343,44.29,41.86
"2021-08-18 15:30:00",2545,9.82,406,0,0.24,3.45,-1.11,0.306,-0.099,0.139,-0.345,47.6,40.05
"2021-08-18 16:00:00",2546,9.52,406,0,0.169,2.87,-1.28,0.254,-0.114,0.084,-0.355,46.59,40.95
"2021-08-19 11:00:00",2547,10.6,406,0,0.176,2.48,-0.76,0.22,-0.068,-99,-0.278,-99,44.65
"2021-08-19 11:30:00",2548,11.21,406,0,0.321,3.97,-0.77,0.352,-0.069,0.269,-0.278,55.51,44.09
"2021-08-19 12:00:00",2549,10.99,406,0,0.267,3.27,-0.6,0.289,-0.054,0.248,-0.245,52.79,47.98
"2021-08-19 12:30:00",2550,10.54,406,0,0.448,5.52,-1.05,0.488,-0.094,0.159,-0.334,40.53,40.01
"2021-08-19 13:00:00",2551,10.46,406,0,0.477,5.56,-0.76,0.492,-0.068,0.272,-0.316,43.06,41.46
"2021-08-19 13:30:00",2552,10.37,406,0,0.454,5.3,-0.73,0.469,-0.065,0.258,-0.336,44.64,39.83
"2021-08-19 14:00:00",2553,10.3,406,0,0.557,6.2,-0.56,0.548,-0.051,0.367,-0.323,48.95,39.99
"2021-08-19 14:30:00",2554,10.16,406,0,0.128,2.03,-0.81,0.18,-0.072,0.144,-0.277,45.88,45.36
"2021-08-19 15:00:00",2555,9.94,406,0,0.26,3.8,-1.27,0.336,-0.114,0.116,-0.365,43.81,39.83
"2021-08-19 15:30:00",2556,9.62,406,0,0.316,4.01,-0.87,0.355,-0.078,-99,-0.323,-99,40.5
"2021-08-22 10:30:00",2557,10.28,406,0,0.163,2.26,-0.66,0.2,-0.059,-99,-0.241,-99,50.35
"2021-08-22 11:00:00",2558,11.05,406,0,0.421,5.02,-0.8,0.444,-0.072,0.309,-0.297,53.48,42.19
"2021-08-22 11:30:00",2559,11.7,406,0,0.448,5.13,-0.61,0.454,-0.055,0.344,-0.272,53.18,43.71
"2021-08-22 12:00:00",2560,10.91,406,0,0.541,6.07,-0.6,0.537,-0.054,0.385,-0.288,54.93,43.65
"2021-08-22 12:30:00",2561,10.62,406,0,0.993,11.2,-1.16,0.991,-0.104,0.171,-0.373,38.49,38.65
"2021-08-22 13:00:00",2562,10.45,406,0,0.199,3.41,-1.54,0.301,-0.137,0.051,-0.393,42.18,38.5
"2021-08-22 13:30:00",2563,10.42,406,0,0.088,2.17,-1.42,0.192,-0.126,0.039,-0.373,47,39.27
"2021-08-22 14:00:00",2564,10.34,406,0,0.154,2.7,-1.26,0.239,-0.112,0.105,-0.348,48.04,40.06
"2021-08-22 14:30:00",2565,10.25,406,0,0.143,2.52,-1.18,0.223,-0.105,0.104,-0.329,47.47,40.58
"2021-08-22 15:00:00",2566,10.12,406,0,0.205,3.16,-1.19,0.279,-0.106,0.127,-0.336,46.83,40.77
"2021-08-22 15:30:00",2567,9.87,406,0,0.104,2.18,-1.25,0.193,-0.112,0.057,-0.338,46.16,40.51
"2021-08-22 16:00:00",2568,9.5,406,0,0.1,2.29,-1.42,0.203,-0.126,0.04,-0.361,44.63,39.96
"2021-08-23 10:30:00",2569,10.71,406,0,0.243,3.11,-0.7,0.276,-0.063,0.223,-0.28,54.73,43.44
"2021-08-23 11:00:00",2570,11.25,406,0,0.371,4.3,-0.56,0.381,-0.05,0.306,-0.266,57.97,44.78
"2021-08-23 11:30:00",2571,11.69,406,0,0.38,4.45,-0.63,0.394,-0.057,-99,-0.266,-99,45.38
"2021-08-23 12:00:00",2572,10.97,406,0,0.333,3.91,-0.56,0.346,-0.051,0.298,-0.24,55.75,48.62
"2021-08-23 12:30:00",2573,10.73,406,0,0.731,8.36,-0.98,0.74,-0.087,0.257,-0.351,40.66,39.16
"2021-08-23 13:00:00",2574,10.67,406,0,0.404,4.97,-0.94,0.439,-0.084,0.175,-0.318,40.83,42.23
"2021-08-23 13:30:00",2575,10.61,406,0,0.504,6.04,-0.99,0.535,-0.088,0.249,-0.361,44.32,39.39
"2021-08-23 14:00:00",2576,10.57,406,0,0.388,4.72,-0.84,0.418,-0.075,0.266,-0.333,47.9,41.17
"2021-08-23 14:30:00",2577,10.48,406,0,0.225,3.15,-0.95,0.279,-0.085,0.179,-0.309,49.32,42.33
"2021-08-23 15:00:00",2578,10.41,406,0,0.195,3.06,-1.19,0.271,-0.107,0.105,-0.343,44.93,41.51
"2021-08-23 15:30:00",2579,10.33,406,0,0.164,2.9,-1.37,0.256,-0.122,0.069,-0.358,45.56,38.57
"2021-08-23 16:00:00",2580,10.19,406,0,0.087,2.14,-1.4,0.189,-0.124,0.045,-0.36,44.06,40.07
"2021-08-23 16:30:00",2581,10.05,406,0,-0.011,1.14,-1.42,0.101,-0.127,-0.053,-0.353,41.24,40.88
"2021-08-23 17:00:00",2582,9.82,406,0,-0.053,0.91,-1.64,0.081,-0.146,-0.059,-0.374,44.3,40.47
"2021-08-24 10:00:00",2583,9.71,406,0,0.317,3.93,-0.77,0.348,-0.069,0.226,-0.302,49.34,42.18
"2021-08-24 10:30:00",2584,11.27,406,0,0.321,3.71,-0.48,0.328,-0.043,-99,-0.251,-99,47.02
"2021-08-24 11:00:00",2585,11.5,406,0,0.395,4.64,-0.67,0.411,-0.06,0.3,-0.275,48.81,43.33
"2021-08-24 11:30:00",2586,11.67,406,0,0.443,4.97,-0.49,0.44,-0.044,0.345,-0.271,50.52,44.62
"2021-08-24 12:00:00",2587,10.93,406,0,0.36,4.56,-0.98,0.403,-0.088,0.179,-0.321,42.3,41.37
"2021-08-24 12:30:00",2588,10.83,406,0,0.402,5.15,-1.16,0.456,-0.104,0.143,-0.353,41.55,40.2
"2021-08-24 13:00:00",2589,10.81,406,0,0.399,4.86,-0.87,0.43,-0.077,0.213,-0.307,42.73,42.78
"2021-08-24 13:30:00",2590,10.76,406,0,0.374,4.69,-0.96,0.415,-0.085,0.199,-0.349,43.82,39.57
"2021-08-24 14:00:00",2591,10.72,406,0,0.329,3.94,-0.64,0.349,-0.058,-99,-0.297,-99,41.89
"2021-08-24 14:30:00",2592,10.68,406,0,0.205,2.96,-0.96,0.262,-0.085,0.16,-0.31,49.07,41.11
"2021-08-24 15:00:00",2593,10.64,406,0,0.251,3.63,-1.19,0.322,-0.106,0.109,-0.355,41.76,39.17
"2021-08-24 15:30:00",2594,10.57,406,0,0.19,3.11,-1.3,0.275,-0.116,0.08,-0.363,44.66,40.41
"2021-08-24 16:00:00",2595,10.55,406,0,0.148,2.71,-1.34,0.24,-0.12,0.069,-0.364,45.24,38.25
"2021-08-24 16:30:00",2596,10.48,406,0,0.145,2.59,-1.24,0.229,-0.111,0.05,-0.346,47.34,40.2
"2021-08-24 17:00:00",2597,10.45,406,0,0.048,1.84,-1.51,0.163,-0.135,-0.004,-0.367,42.95,38.7
"2021-08-24 17:30:00",2598,10.38,406,0,0.003,1.39,-1.52,0.123,-0.136,-0.024,-0.362,44.93,40.27
"2021-08-24 18:00:00",2599,10.22,406,0,-0.016,1.18,-1.52,0.104,-0.135,-0.042,-0.37,43.77,39.36
"2021-08-24 18:30:00",2600,10.1,406,0,-0.083,0.6,-1.63,0.053,-0.146,-0.075,-0.372,43.62,38.7
"2021-08-24 19:00:00",2601,9.91,406,0,-0.141,0.13,-1.77,0.011,-0.158,-0.112,-0.377,44.41,39.07
"2021-08-24 19:30:00",2602,9.59,406,0,-0.172,-0.13,-1.84,-0.013,-0.163,-0.149,-0.378,43.14,38.21
"2021-08-25 10:00:00",2603,10.81,406,0,0.323,4.01,-0.79,0.355,-0.071,0.23,-0.301,51.16,42.76
"2021-08-25 10:30:00",2604,11.24,406,0,0.284,3.32,-0.46,0.294,-0.042,-99,-0.242,-99,46.99
"2021-08-25 11:00:00",2605,10.98,406,0,0.323,3.96,-0.73,0.35,-0.066,0.257,-0.284,47.32,44.16
"2021-08-25 11:30:00",2606,11.29,406,0,0.439,4.77,-0.31,0.422,-0.028,-99,-0.242,-99,46.21
"2021-08-25 12:00:00",2607,11.08,406,0,0.394,4.45,-0.47,0.394,-0.043,0.339,-0.238,54.66,48.1
"2021-08-25 12:30:00",2608,10.85,406,0,0.677,7.72,-0.88,0.683,-0.079,0.252,-0.329,40.56,41.29
"2021-08-25 13:00:00",2609,10.79,406,0,0.489,5.83,-0.92,0.516,-0.083,0.237,-0.355,43.74,39.91
"2021-08-25 13:30:00",2610,10.74,406,0,0.391,4.86,-0.96,0.431,-0.085,0.197,-0.352,44.78,40.95
"2021-08-25 14:00:00",2611,10.71,406,0,0.307,3.73,-0.66,0.331,-0.06,0.234,-0.305,49.33,41.77
"2021-08-25 14:30:00",2612,10.64,406,0,0.332,4.21,-0.91,0.372,-0.082,0.196,-0.332,47.08,40.2
"2021-08-25 15:00:00",2613,10.61,406,0,0.228,3.41,-1.2,0.302,-0.107,0.106,-0.351,44.04,39.23
"2021-08-25 15:30:00",2614,10.56,406,0,0.138,2.6,-1.33,0.23,-0.118,0.077,-0.348,45.49,40.26
"2021-08-25 16:00:00",2615,10.53,406,0,0.127,2.51,-1.35,0.222,-0.121,0.05,-0.358,45.39,39.07
"2021-08-25 16:30:00",2616,10.48,406,0,0.122,2.4,-1.29,0.213,-0.115,0.046,-0.354,46.11,39.64
"2021-08-25 17:00:00",2617,10.42,406,0,0.037,1.72,-1.5,0.153,-0.134,-0.004,-0.364,43.38,40.12
"2021-08-25 17:30:00",2618,10.34,406,0,0.015,1.52,-1.53,0.134,-0.137,-0.012,-0.363,43.9,40.06
"2021-08-25 18:00:00",2619,10.18,406,0,-0.003,1.38,-1.59,0.122,-0.141,-0.03,-0.372,45.09,39.04
"2021-08-25 18:30:00",2620,10.03,406,0,-0.072,0.73,-1.66,0.065,-0.147,-0.067,-0.373,45.17,39.11
"2021-08-25 19:00:00",2621,9.8,406,0,-0.115,0.4,-1.78,0.035,-0.158,-0.097,-0.378,44.76,39.52
"2021-08-26 10:00:00",2622,10.95,406,0,0.211,3.04,-0.99,0.269,-0.088,0.158,-0.31,52.08,42.6
"2021-08-26 10:30:00",2623,11.18,406,0,0.288,3.59,-0.72,0.317,-0.065,0.235,-0.271,55.45,44.59
"2021-08-26 11:00:00",2624,11.04,406,0,0.368,4.16,-0.44,0.368,-0.04,0.339,-0.247,60.3,45.98
"2021-08-26 11:30:00",2625,10.96,406,0,0.413,4.59,-0.4,0.406,-0.036,-99,-0.256,-99,45.47
"2021-08-26 12:00:00",2626,11,406,0,0.596,6.74,-0.72,0.597,-0.064,0.376,-0.279,50.88,43.91
"2021-08-26 12:30:00",2627,10.82,406,0,0.443,5.35,-0.91,0.474,-0.081,0.214,-0.33,41.87,41.1
"2021-08-26 13:00:00",2628,10.76,406,0,0.41,4.98,-0.88,0.441,-0.079,0.236,-0.306,43.35,41.59
"2021-08-26 13:30:00",2629,10.69,406,0,0.47,5.52,-0.79,0.488,-0.07,0.266,-0.339,45.27,39.11
"2021-08-26 14:00:00",2630,10.64,406,0,0.275,3.47,-0.73,0.307,-0.066,0.209,-0.314,46.1,41.44
"2021-08-26 14:30:00",2631,10.62,406,0,0.416,5.01,-0.84,0.444,-0.075,0.273,-0.327,48.56,40.58
"2021-08-26 15:00:00",2632,10.57,406,0,0.247,3.42,-1,0.302,-0.089,0.144,-0.333,43.92,40.35
"2021-08-26 15:30:00",2633,10.52,406,0,0.227,3.35,-1.15,0.297,-0.102,0.127,-0.342,45.37,39.63
"2021-08-26 16:00:00",2634,10.47,406,0,0.25,3.53,-1.09,0.313,-0.098,0.143,-0.341,45.05,40.4
"2021-08-26 16:30:00",2635,10.41,406,0,0.16,2.82,-1.32,0.249,-0.118,0.06,-0.358,43.67,39.84
"2021-08-26 17:00:00",2636,10.33,406,0,0.094,2.22,-1.41,0.196,-0.126,0.037,-0.36,43.83,39.84
"2021-08-26 17:30:00",2637,10.21,406,0,0.09,2.16,-1.39,0.191,-0.124,0.041,-0.355,46.35,40.44
"2021-08-26 18:00:00",2638,10.04,406,0,0.078,2.04,-1.39,0.18,-0.124,0.031,-0.357,44.78,39.29
"2021-08-26 18:30:00",2639,9.82,406,0,-0.046,0.98,-1.64,0.087,-0.146,-0.052,-0.37,45.17,40.25
"2021-08-27 10:00:00",2640,11.06,406,0,0.331,4.09,-0.78,0.362,-0.07,0.24,-0.301,49.79,42.64
"2021-08-27 10:30:00",2641,11.36,406,0,0.336,4.01,-0.64,0.355,-0.058,0.272,-0.278,49.3,44.49
"2021-08-27 11:00:00",2642,10.89,406,0,0.361,4.14,-0.5,0.366,-0.045,0.31,-0.257,52.56,45.58
"2021-08-27 11:30:00",2643,11.5,406,0,0.315,3.7,-0.53,0.327,-0.048,-99,-0.242,-99,47.05
"2021-08-27 12:00:00",2644,11.13,406,0,0.322,3.84,-0.61,0.34,-0.055,0.282,-0.25,53.53,46.4
"2021-08-27 12:30:00",2645,10.91,406,0,0.593,6.82,-0.84,0.604,-0.075,0.283,-0.329,43.51,40.26
"2021-08-27 13:00:00",2646,10.85,406,0,0.481,5.74,-0.91,0.508,-0.082,0.243,-0.324,42.98,41.22
"2021-08-27 13:30:00",2647,10.78,406,0,0.535,6.16,-0.77,0.545,-0.069,0.282,-0.347,43.17,39.18
"2021-08-27 14:00:00",2648,10.76,406,0,0.407,4.81,-0.72,0.426,-0.065,0.252,-0.328,45.47,39.99
"2021-08-27 14:30:00",2649,10.71,406,0,0.392,4.82,-0.9,0.426,-0.081,0.24,-0.334,48.84,40.3
"2021-08-27 15:00:00",2650,10.68,406,0,0.245,3.54,-1.16,0.313,-0.104,0.117,-0.35,45.94,39.89
"2021-08-27 15:30:00",2651,10.64,406,0,0.15,2.62,-1.21,0.232,-0.108,0.084,-0.341,44.85,40.61
"2021-08-27 16:00:00",2652,10.61,406,0,0.145,2.65,-1.31,0.234,-0.117,0.059,-0.353,45.02,39.95
"2021-08-27 16:30:00",2653,10.57,406,0,0.106,2.23,-1.28,0.198,-0.114,0.02,-0.351,42.79,39.79
"2021-08-27 17:00:00",2654,10.52,406,0,0.041,1.84,-1.59,0.163,-0.142,0.008,-0.368,44.15,39.08
"2021-08-27 17:30:00",2655,10.48,406,0,0.023,1.57,-1.49,0.139,-0.133,-0.008,-0.364,43.95,39.55
"2021-08-27 18:00:00",2656,10.39,406,0,-0.006,1.34,-1.58,0.119,-0.141,-0.027,-0.368,44.97,39.06
"2021-08-27 18:30:00",2657,10.33,406,0,-0.059,0.83,-1.62,0.073,-0.144,-0.065,-0.368,44.75,39.26
"2021-08-27 19:00:00",2658,10.17,406,0,-0.114,0.36,-1.72,0.032,-0.153,-0.094,-0.377,43.14,38.48
"2021-08-27 19:30:00",2659,10.03,406,0,-0.171,-0.18,-1.77,-0.017,-0.158,-0.14,-0.38,43.57,38.64
"2021-08-27 20:00:00",2660,9.81,406,0,-0.214,-0.52,-1.88,-0.047,-0.167,-0.163,-0.383,44.16,38.82
"2021-08-28 10:00:00",2661,10.81,406,0,-0.002,1.19,-1.37,0.105,-0.122,0.004,-0.332,49.31,42.57
"2021-08-28 10:30:00",2662,11.49,406,0,0.102,1.87,-0.92,0.166,-0.082,0.109,-0.28,55.69,44.97
"2021-08-28 11:00:00",2663,10.62,406,0,0.175,2.75,-1.07,0.243,-0.095,0.128,-0.314,49.77,42.78
"2021-08-28 11:30:00",2664,11.5,406,0,0.349,4.05,-0.53,0.358,-0.048,-99,-0.257,-99,45.18
"2021-08-28 12:00:00",2665,11.13,406,0,0.361,4.12,-0.47,0.364,-0.043,0.323,-0.243,61.2,46.46
"2021-08-28 12:30:00",2666,10.87,406,0,0.645,7.32,-0.8,0.648,-0.071,0.287,-0.34,40.94,40.17
"2021-08-28 13:00:00",2667,10.81,406,0,0.593,6.78,-0.79,0.6,-0.071,0.306,-0.333,44.18,39.93
"2021-08-28 13:30:00",2668,10.76,406,0,0.437,5.18,-0.79,0.459,-0.071,0.267,-0.331,44.91,40.51
"2021-08-28 14:00:00",2669,10.72,406,0,0.464,5.45,-0.78,0.482,-0.07,0.308,-0.328,51.23,40.5
"2021-08-28 14:30:00",2670,10.67,406,0,0.278,3.73,-0.99,0.33,-0.088,0.18,-0.327,45.76,40.95
"2021-08-28 15:00:00",2671,10.61,406,0,0.207,3.21,-1.22,0.284,-0.109,0.103,-0.351,45.68,39.93
"2021-08-28 15:30:00",2672,10.58,406,0,0.162,2.68,-1.14,0.237,-0.102,0.095,-0.333,48.11,40.81
"2021-08-28 16:00:00",2673,10.54,406,0,0.195,3.08,-1.21,0.273,-0.108,0.091,-0.344,45.16,40.65
"2021-08-28 16:30:00",2674,10.47,406,0,0.062,1.92,-1.44,0.17,-0.129,0,-0.36,42.51,39.77
"2021-08-28 17:00:00",2675,10.43,406,0,0.026,1.59,-1.48,0.14,-0.132,0.004,-0.355,49.32,38.28
"2021-08-28 17:30:00",2676,10.31,406,0,-0.042,0.93,-1.53,0.082,-0.136,-0.052,-0.359,44.73,40.47
"2021-08-28 18:00:00",2677,10.17,406,0,-0.046,0.97,-1.63,0.086,-0.145,-0.05,-0.363,45.54,39.63
"2021-08-28 18:30:00",2678,9.99,406,0,-0.121,0.31,-1.75,0.028,-0.155,-0.099,-0.372,43.54,39.28
"2021-08-28 19:00:00",2679,9.79,406,0,-0.165,-0.12,-1.77,-0.012,-0.158,-0.135,-0.377,44.21,39.13
"2021-08-29 11:00:00",2680,10.15,406,0,-0.035,0.66,-1.15,0.058,-0.103,0.02,-0.297,54.55,44.64
"2021-08-29 11:30:00",2681,11.08,406,0,0.097,1.83,-0.94,0.162,-0.084,0.131,-0.273,59.98,44.7
"2021-08-29 12:00:00",2682,10.8,406,0,0.095,1.79,-0.91,0.158,-0.082,0.114,-0.265,49.11,46.52
"2021-08-29 12:30:00",2683,10.55,406,0,0.284,3.92,-1.13,0.347,-0.101,0.125,-0.324,40.09,39.98
"2021-08-29 13:00:00",2684,10.48,406,0,0.409,5.1,-1.02,0.451,-0.091,0.193,-0.339,44.09,40
"2021-08-29 13:30:00",2685,10.37,406,0,0.409,4.95,-0.86,0.438,-0.077,0.256,-0.329,46.67,39.94
"2021-08-29 14:00:00",2686,10.23,406,0,0.275,3.67,-0.96,0.325,-0.086,0.171,-0.337,47.52,39.7
"2021-08-29 14:30:00",2687,10.04,406,0,0.302,3.87,-0.87,0.342,-0.078,0.249,-0.32,53.8,41.25
"2021-08-29 15:00:00",2688,9.72,406,0,0.224,3.33,-1.16,0.295,-0.104,0.102,-0.336,44.84,40.01
"2021-08-30 10:30:00",2689,10.15,406,0,0.182,2.68,-0.92,0.237,-0.082,0.15,-0.276,49.45,45.05
"2021-08-30 11:00:00",2690,10.47,406,0,0.322,3.9,-0.68,0.345,-0.061,0.257,-0.281,49.9,43.74
"2021-08-30 11:30:00",2691,10.45,406,0,0.393,4.45,-0.48,0.394,-0.043,-99,-0.257,-99,45.59
"2021-08-30 12:00:00",2692,10.59,406,0,0.555,6.13,-0.5,0.543,-0.046,-99,-0.299,-99,43.18
"2021-08-30 12:30:00",2693,10.49,406,0,0.392,4.68,-0.75,0.415,-0.067,0.261,-0.31,44.82,42.39
"2021-08-30 13:00:00",2694,10.39,406,0,0.448,5.37,-0.88,0.475,-0.079,0.251,-0.333,45,41.58
"2021-08-30 13:30:00",2695,10.24,406,0,0.323,4.18,-0.98,0.37,-0.088,0.184,-0.333,46.12,40.07
"2021-08-30 14:00:00",2696,10.05,406,0,0.252,3.24,-0.74,0.286,-0.066,0.19,-0.303,46.07,40.59
"2021-08-30 14:30:00",2697,9.89,406,0,0.288,3.59,-0.72,0.318,-0.064,0.231,-0.307,49.69,41.98
"2021-08-30 15:00:00",2698,9.51,406,0,0.309,4.11,-1.06,0.364,-0.095,0.153,-0.324,45.29,40.06
"2021-08-31 11:00:00",2699,10.76,406,0,0.265,3.45,-0.82,0.306,-0.073,0.233,-0.301,55.76,42.25
"2021-08-31 11:30:00",2700,10.61,406,0,0.407,4.94,-0.87,0.438,-0.078,0.249,-0.31,51.31,41.52
"2021-08-31 12:00:00",2701,10.42,406,0,0.216,3,-0.88,0.265,-0.079,0.162,-0.293,46.32,43.17
"2021-08-31 12:30:00",2702,10.16,406,0,0.301,3.8,-0.8,0.336,-0.072,0.224,-0.304,47.67,41.2
"2021-08-31 13:00:00",2703,9.9,406,0,0.393,4.67,-0.72,0.414,-0.064,0.256,-0.308,46.7,42.46
"2021-08-31 13:30:00",2704,9.62,406,0,0.498,5.66,-0.63,0.501,-0.057,0.314,-0.309,45.85,40.78
"2021-09-01 10:30:00",2705,9.75,406,0,0.246,3.21,-0.78,0.284,-0.07,0.229,-0.282,52.82,43.86
"2021-09-01 11:00:00",2706,11.08,406,0,0.326,3.83,-0.55,0.339,-0.05,0.258,-0.275,56.17,43.64
"2021-09-01 11:30:00",2707,10.27,406,0,0.323,4.12,-0.91,0.365,-0.082,0.189,-0.309,46.18,43.33
"2021-09-01 12:00:00",2708,10.82,406,0,0.326,3.87,-0.6,0.343,-0.054,0.27,-0.27,52.45,43.24
"2021-09-01 12:30:00",2709,10.34,406,0,0.512,5.88,-0.72,0.521,-0.065,0.29,-0.308,43.42,43.32
"2021-09-01 13:00:00",2710,9.96,406,0,0.391,4.73,-0.81,0.419,-0.073,0.248,-0.326,44.11,40.02
"2021-09-01 13:30:00",2711,9.72,406,0,0.321,3.89,-0.68,0.345,-0.061,0.25,-0.3,49.44,41.31
"2021-09-02 10:30:00",2712,10.87,406,0,0.151,2.12,-0.64,0.188,-0.058,-99,-0.238,-99,50.25
"2021-09-02 11:00:00",2713,10.68,406,0,0.195,2.78,-0.88,0.246,-0.079,0.168,-0.273,55.52,45.88
"2021-09-02 11:30:00",2714,11.32,406,0,0.233,3.09,-0.79,0.273,-0.071,0.223,-0.275,56.57,47.5
"2021-09-02 12:00:00",2715,11.14,406,0,0.257,3.26,-0.71,0.288,-0.064,0.239,-0.255,60.09,47.71
"2021-09-02 12:30:00",2716,10.89,406,0,0.179,2.86,-1.15,0.253,-0.103,0.046,-0.332,38.51,41.31
"2021-09-02 13:00:00",2717,10.76,406,0,0.438,5.56,-1.2,0.492,-0.107,0.164,-0.387,41.48,37.08
"2021-09-02 13:30:00",2718,10.7,406,0,0.161,2.51,-0.96,0.222,-0.086,0.111,-0.317,44.39,41.38
"2021-09-02 14:00:00",2719,10.62,406,0,0.21,3.17,-1.14,0.28,-0.102,0.133,-0.344,45.82,40.74
"2021-09-02 14:30:00",2720,10.56,406,0,0.102,2.04,-1.12,0.181,-0.1,0.094,-0.333,50.15,40.76
"2021-09-02 15:00:00",2721,10.54,406,0,0.006,1.51,-1.62,0.134,-0.144,-0.037,-0.366,42.73,39.46
"2021-09-02 15:30:00",2722,10.46,406,0,-0.19,-0.65,-1.46,-0.058,-0.13,-0.133,-0.325,43.24,42.73
"2021-09-02 16:00:00",2723,10.38,406,0,-0.091,0.59,-1.71,0.053,-0.152,-0.096,-0.373,44.12,37.79
"2021-09-02 16:30:00",2724,10.23,406,0,-0.063,0.54,-1.34,0.048,-0.12,-0.064,-0.355,45.67,42.09
"2021-09-02 17:00:00",2725,10.14,406,0,-0.12,0.35,-1.78,0.031,-0.159,-0.091,-0.373,43.72,39.21
"2021-09-02 17:30:00",2726,9.97,406,0,-0.105,0.39,-1.65,0.034,-0.147,-0.103,-0.368,41.03,40.67
"2021-09-02 18:00:00",2727,9.73,406,0,-0.142,0.07,-1.72,0.006,-0.153,-0.115,-0.374,41.86,39.11
"2021-09-03 10:00:00",2728,11.03,406,0,0.094,2.02,-1.19,0.179,-0.106,0.073,-0.321,48.38,44.27
"2021-09-03 10:30:00",2729,10.91,406,0,0.168,2.26,-0.61,0.2,-0.055,-99,-0.226,-99,50.23
"2021-09-03 11:00:00",2730,11.05,406,0,0.211,3.04,-0.99,0.269,-0.088,0.172,-0.287,49.9,44.82
"2021-09-03 11:30:00",2731,11.46,406,0,0.195,2.77,-0.87,0.245,-0.078,0.188,-0.276,57.51,44.97
"2021-09-03 12:00:00",2732,11.17,406,0,0.208,2.75,-0.7,0.244,-0.063,-99,-0.242,-99,50.13
"2021-09-03 12:30:00",2733,10.91,406,0,0.369,4.92,-1.28,0.436,-0.114,0.152,-0.362,41.19,40.83
"2021-09-03 13:00:00",2734,10.77,406,0,0.344,4.58,-1.18,0.405,-0.105,0.145,-0.367,43.95,39.28
"2021-09-03 13:30:00",2735,10.72,406,0,0.03,1.19,-0.99,0.106,-0.089,0.062,-0.292,47.48,43.8
"2021-09-03 14:00:00",2736,10.67,406,0,0.155,2.47,-0.99,0.219,-0.089,0.102,-0.318,48.39,39.73
"2021-09-03 14:30:00",2737,10.6,406,0,0.014,0.98,-0.94,0.087,-0.084,0.041,-0.309,48.58,41.99
"2021-09-03 15:00:00",2738,10.54,406,0,0.051,1.74,-1.36,0.154,-0.121,0.041,-0.35,48.27,40.44
"2021-09-03 15:30:00",2739,10.51,406,0,-0.173,-0.49,-1.45,-0.044,-0.129,-0.13,-0.329,40.01,41.98
"2021-09-03 16:00:00",2740,10.41,406,0,-0.103,0.47,-1.72,0.041,-0.153,-0.087,-0.378,42.25,38.42
"2021-09-03 16:30:00",2741,10.28,406,0,-0.102,0.36,-1.58,0.032,-0.141,-0.081,-0.368,44.71,39.05
"2021-09-03 17:00:00",2742,10.14,406,0,-0.094,0.48,-1.63,0.042,-0.146,-0.096,-0.37,43.07,39.23
"2021-09-03 17:30:00",2743,9.98,406,0,-0.118,0.37,-1.78,0.032,-0.158,-0.124,-0.387,43.29,37.79
"2021-09-03 18:00:00",2744,9.73,406,0,-0.16,0,-1.85,0,-0.165,-0.13,-0.382,45.27,39.51
"2021-09-04 12:00:00",2745,10.21,406,0,0.296,3.34,-0.35,0.296,-0.032,-99,-99,-99,-99
"2021-09-05 11:30:00",2746,10.09,406,0,0.226,2.86,-0.61,0.253,-0.055,-99,-0.214,-99,52.11
"2021-09-05 12:00:00",2747,10.34,406,0,0.283,3.65,-0.84,0.323,-0.075,0.173,-0.284,43.49,43.54
"2021-09-07 11:00:00",2748,11.76,406,0,0.323,3.75,-0.5,0.332,-0.045,0.253,-0.258,55.2,45.42
"2021-09-07 11:30:00",2749,10.77,406,0,0.179,2.46,-0.7,0.218,-0.062,-99,-0.224,-99,50.89
"2021-09-07 12:00:00",2750,11.23,406,0,0.323,3.9,-0.67,0.345,-0.06,0.265,-0.246,58.43,47.99
"2021-09-07 12:30:00",2751,10.51,406,0,0.462,5.84,-1.24,0.517,-0.11,0.13,-0.362,40.27,38.92
"2021-09-07 13:00:00",2752,10.38,406,0,0.364,4.77,-1.17,0.423,-0.104,0.162,-0.365,43.1,39.26
"2021-09-07 13:30:00",2753,10.19,406,0,0.156,2.57,-1.09,0.228,-0.097,0.093,-0.315,43.91,41.89
"2021-09-07 14:00:00",2754,10.03,406,0,0.27,3.86,-1.23,0.342,-0.11,0.151,-0.349,46.55,38.99
"2021-09-07 14:30:00",2755,9.75,406,0,0.256,3.79,-1.31,0.335,-0.117,0.121,-0.372,46.62,39.21
"2021-09-08 10:30:00",2756,11.38,406,0,0.235,2.92,-0.58,0.258,-0.053,0.19,-0.258,55.57,45.52
"2021-09-08 11:00:00",2757,11.14,406,0,0.183,2.77,-1,0.245,-0.089,0.191,-0.288,54.96,44.35
"2021-09-08 11:30:00",2758,10.55,406,0,0.215,3.06,-0.96,0.271,-0.086,0.118,-0.322,47.9,40.08
"2021-09-08 12:00:00",2759,10.47,406,0,0.205,3.15,-1.18,0.279,-0.105,0.086,-0.337,42.73,39.73
"2021-09-08 12:30:00",2760,10.29,406,0,0.108,2.29,-1.33,0.202,-0.118,0.022,-0.353,41.77,40.01
"2021-09-08 13:00:00",2761,10.08,406,0,0.039,1.68,-1.44,0.149,-0.128,0.021,-0.357,47.55,40.39
"2021-09-08 13:30:00",2762,9.94,406,0,0.119,2.12,-1.01,0.188,-0.09,0.131,-0.29,54.01,44.21
"2021-09-10 11:00:00",2763,11,406,0,0.107,1.94,-0.95,0.172,-0.085,0.108,-0.277,47.83,44.26
"2021-09-10 11:30:00",2764,9.84,406,0,0.211,2.62,-0.51,0.232,-0.046,-99,-0.222,-99,46.09
"2021-09-10 12:00:00",2765,10.12,406,0,0.199,2.59,-0.62,0.229,-0.056,-99,-0.21,-99,53.31
"2021-09-19 10:30:00",2766,11.77,406,0,0.122,2.02,-0.86,0.179,-0.077,0.173,-0.262,60,44.96
"2022-01-22 11:30:00",2767,14.22,406,0,-0.204,-0.66,-1.61,-0.059,-0.143,-0.198,-0.322,41.75,41.64
"2022-01-23 11:30:00",2768,14.15,406,0,-0.384,-2.14,-2.02,-0.191,-0.18,-99,-0.31,-99,46.43
"2022-01-24 11:30:00",2769,14.1,406,0,-0.184,0,-2.12,0,-0.188,-0.178,-0.493,28.41,25.54
"2022-01-26 11:30:00",2770,14.17,406,0,-0.126,0.41,-1.91,0.036,-0.17,-0.255,-0.417,22.21,33.96
"2022-03-28 10:30:00",2771,12.52,406,0,-0.141,-0.37,-1.21,-0.033,-0.108,-99,-0.261,-99,48.63
"2022-03-28 11:00:00",2772,12.44,406,0,-0.123,-0.22,-1.18,-0.02,-0.105,-99,-99,-99,-99
"2022-03-29 10:30:00",2773,12.87,406,0,0.124,2.98,-1.92,0.263,-0.171,-99,-0.398,-99,37.01
"2022-03-29 11:00:00",2774,13.28,406,0,-0.016,0.71,-0.99,0.062,-0.088,-99,-0.295,-99,44.94
"2022-04-02 10:30:00",2775,11.92,406,0,0,0.68,-0.76,0.06,-0.068,-99,-99,-99,-99
"2022-04-02 11:00:00",2776,12.94,406,0,-0.035,0.67,-1.16,0.059,-0.103,-99,-0.257,-99,49.98
"2022-04-02 11:30:00",2777,10.49,406,0,-0.005,0.82,-0.99,0.072,-0.088,-99,-0.227,-99,57.95
"2022-04-02 12:00:00",2778,10.94,406,0,-0.025,0.76,-1.15,0.068,-0.103,-99,-0.248,-99,51.11
"2022-04-02 12:30:00",2779,9.9,406,0,-0.193,-99,-2.22,-99,-0.198,-0.654,-0.35,31.47,43.44
"2022-04-03 10:30:00",2780,11.47,406,0,-0.043,0.34,-0.88,0.03,-0.079,-99,-99,-99,-99
"2022-04-03 11:00:00",2781,12.16,406,0,-0.008,0.89,-1.1,0.079,-0.098,-99,-0.251,-99,50.43
"2022-04-03 11:30:00",2782,11.34,406,0,-0.006,0.88,-1.07,0.078,-0.095,-99,-0.233,-99,53.26
"2022-04-03 12:00:00",2783,11.3,406,0,0.047,1.45,-1.09,0.128,-0.097,0.084,-0.251,52.33,48.9
"2022-04-03 12:30:00",2784,10.4,406,0,-0.034,1.36,-1.92,0.121,-0.171,-0.125,-0.37,40.26,40.57
"2022-04-03 13:00:00",2785,10.21,406,0,0.068,2.21,-1.7,0.196,-0.151,-0.027,-0.381,39.31,39.21
"2022-04-03 13:30:00",2786,10.08,406,0,0,1.14,-1.28,0.101,-0.114,0.041,-0.314,47.98,43.3
"2022-04-03 14:00:00",2787,10.02,406,0,-0.114,0.06,-1.39,0.005,-0.124,-0.044,-0.289,44.32,44.06
"2022-04-03 14:30:00",2788,9.9,406,0,0.057,2.11,-1.71,0.186,-0.152,-0.027,-0.382,40.49,40.13
"2022-04-03 15:00:00",2789,9.99,406,0,0.188,3.39,-1.64,0.3,-0.146,0.089,-0.366,53.67,39.57
"2022-04-03 15:30:00",2790,9.77,406,0,0,1.54,-1.74,0.136,-0.155,-0.05,-0.364,46.67,41.99
"2022-04-03 16:00:00",2791,9.6,406,0,0.103,2.63,-1.77,0.233,-0.158,0.048,-0.379,52.9,36.98
"2022-04-03 16:30:00",2792,9.52,406,0,-0.321,-1.64,-1.85,-0.146,-0.165,-0.203,-0.366,36.74,39.81
"2022-04-04 10:30:00",2793,11.04,406,0,-0.037,0.56,-1.06,0.05,-0.095,-99,-0.226,-99,55.09
"2022-04-04 11:00:00",2794,12.41,406,0,-0.024,0.8,-1.18,0.071,-0.105,-99,-0.259,-99,49.76
"2022-04-04 11:30:00",2795,11.41,406,0,-0.027,0.76,-1.17,0.067,-0.104,-99,-0.261,-99,50.91
"2022-04-04 12:00:00",2796,11.42,406,0,-0.03,0.83,-1.29,0.074,-0.115,0.021,-0.284,60.6,46.08
"2022-04-04 12:30:00",2797,10.84,406,0,-0.14,0.37,-2.03,0.033,-0.181,-0.162,-0.38,39.76,39.91
"2022-04-04 13:00:00",2798,10.83,406,0,-0.038,1.22,-1.81,0.108,-0.161,-0.062,-0.381,43.92,40.63
"2022-04-04 13:30:00",2799,10.79,406,0,-0.126,0.15,-1.62,0.013,-0.144,-0.071,-0.34,44,42.38
"2022-04-04 14:00:00",2800,10.73,406,0,-0.035,1.16,-1.71,0.102,-0.152,-0.052,-0.357,43.38,39.52
"2022-04-04 14:30:00",2801,10.64,406,0,0.041,2.05,-1.83,0.181,-0.163,-0.043,-0.384,44.33,40.47
"2022-04-04 15:00:00",2802,10.57,406,0,0.025,1.54,-1.44,0.136,-0.129,0.053,-0.326,59.83,43.74
"2022-04-04 15:30:00",2803,10.49,406,0,-0.033,1.29,-1.83,0.114,-0.163,-0.076,-0.379,41.98,39.21
"2022-04-04 16:00:00",2804,10.46,406,0,-0.017,1.25,-1.61,0.111,-0.144,-0.015,-0.356,47.66,40.89
"2022-04-04 16:30:00",2805,10.36,406,0,-0.053,0.97,-1.71,0.086,-0.152,-0.084,-0.374,44.29,40.43
"2022-04-04 17:00:00",2806,10.21,406,0,-0.088,0.67,-1.77,0.059,-0.157,-0.071,-0.369,44.54,40.69
"2022-04-04 17:30:00",2807,10.12,406,0,-0.074,0.74,-1.69,0.066,-0.15,-0.068,-0.364,45.07,40.53
"2022-04-04 18:00:00",2808,10.03,406,0,-0.107,0.48,-1.78,0.043,-0.159,-0.092,-0.369,44.4,39.45
"2022-04-04 18:30:00",2809,9.94,406,0,-0.156,0.06,-1.87,0.006,-0.167,-0.128,-0.373,44.72,40.18
"2022-04-04 19:00:00",2810,9.83,406,0,-0.207,-0.38,-1.96,-0.035,-0.174,-0.15,-0.383,43.42,39.57
"2022-04-04 19:30:00",2811,9.77,406,0,-0.256,-0.79,-2.06,-0.071,-0.183,-0.182,-0.382,43.8,39.94
"2022-04-04 20:00:00",2812,9.58,406,0,-0.266,-0.95,-2,-0.085,-0.178,-0.193,-0.382,44.3,39.34
"2022-04-04 20:30:00",2813,9.47,406,0,-0.299,-1.25,-2.04,-0.112,-0.181,-0.213,-0.381,42.48,40.44
"2022-04-04 21:00:00",2814,9.42,406,0,-0.319,-1.31,-2.2,-0.117,-0.195,-0.221,-0.387,41.97,39.1
"2022-04-04 21:30:00",2815,9.26,406,0,-0.311,-1.25,-2.18,-0.112,-0.194,-0.22,-0.392,43.02,39.58
"2022-04-08 10:30:00",2816,10.9,406,0,0.063,1.4,-0.85,0.124,-0.076,-99,-99,-99,-99
"2022-04-08 11:00:00",2817,11.79,406,0,0.118,2.06,-0.95,0.182,-0.085,-99,-0.243,-99,50
"2022-04-08 11:30:00",2818,11.73,406,0,0.121,2.07,-0.93,0.183,-0.083,-99,-0.235,-99,51.65
"2022-04-08 12:00:00",2819,11.35,406,0,0.128,2.18,-0.97,0.193,-0.087,-99,-0.245,-99,51
"2022-04-08 12:30:00",2820,10.5,406,0,0.432,5.9,-1.65,0.522,-0.147,0.099,-0.379,42.05,39.45
"2022-04-08 13:00:00",2821,10.13,406,0,0.269,4.37,-1.81,0.387,-0.161,0.066,-0.404,40.77,38.85
"2022-04-08 13:30:00",2822,10.17,406,0,-0.005,0.87,-1.04,0.077,-0.093,0.064,-0.289,50.11,46.26
"2022-04-08 14:00:00",2823,9.83,406,0,0.112,2.08,-1.04,0.184,-0.093,0.139,-0.31,50.91,42.23
"2022-04-08 14:30:00",2824,9.93,406,0,0.231,3.1,-0.82,0.274,-0.074,-99,-0.293,-99,44.24
"2022-04-08 15:00:00",2825,9.85,406,0,0.132,2.81,-1.63,0.249,-0.145,0.095,-0.357,49.89,41.04
"2022-04-08 15:30:00",2826,9.61,406,0,0.011,1.7,-1.78,0.151,-0.159,-0.057,-0.371,40.31,39.21
"2022-04-08 16:00:00",2827,9.47,406,0,-0.017,1.41,-1.78,0.125,-0.158,-0.052,-0.385,42.67,39.24
"2022-04-09 11:00:00",2828,11.88,406,0,0.026,1.05,-0.88,0.093,-0.079,-99,-99,-99,-99
"2022-04-09 11:30:00",2829,10.28,406,0,-0.206,-1.07,-1.17,-0.095,-0.104,-99,-99,-99,-99
"2022-04-09 12:00:00",2830,11.05,406,0,0.004,0.92,-0.98,0.082,-0.087,-99,-99,-99,-99
"2022-04-09 12:30:00",2831,10.43,406,0,-0.187,0,-2.16,0,-0.192,-0.193,-0.39,37.58,40.81
"2022-04-09 13:00:00",2832,10.06,406,0,0.104,2.81,-1.96,0.249,-0.175,0,-0.404,45.44,40.08
"2022-04-09 13:30:00",2833,9.96,406,0,-0.156,-0.48,-1.26,-0.043,-0.113,-0.048,-0.293,50.77,44.58
"2022-04-09 14:00:00",2834,9.71,406,0,-0.073,0.3,-1.19,0.027,-0.106,0,-0.308,48.59,43.91
"2022-04-09 14:30:00",2835,9.65,406,0,-0.076,0.44,-1.37,0.039,-0.122,-0.018,-0.327,51.17,41.91
"2022-04-09 15:00:00",2836,9.74,406,0,0.022,1.64,-1.58,0.145,-0.141,0.015,-0.353,43.9,40.62
"2022-04-09 15:30:00",2837,9.44,406,0,-0.009,1.38,-1.66,0.122,-0.148,-0.072,-0.351,42.65,40.21
"2022-04-10 10:00:00",2838,11.64,406,0,0.01,1.48,-1.54,0.131,-0.137,0.004,-0.325,57.12,44.5
"2022-04-10 10:30:00",2839,10.1,406,0,-0.101,0.41,-1.63,0.036,-0.145,-0.093,-0.32,42.29,42.76
"2022-04-10 11:00:00",2840,9.75,406,0,-0.053,1.12,-1.87,0.099,-0.167,-0.094,-0.369,44.61,39.35
"2022-04-10 11:30:00",2841,10.13,406,0,-0.059,0.31,-1.04,0.028,-0.093,-99,-0.236,-99,58.09
"2022-04-10 12:00:00",2842,10.19,406,0,0.13,2.05,-0.8,0.181,-0.072,-99,-0.264,-99,45.09
"2022-04-10 12:30:00",2843,10.57,406,0,0.041,1.67,-1.4,0.148,-0.125,0.062,-0.319,51.62,42.09
"2022-04-10 13:00:00",2844,10.31,406,0,-0.092,0.69,-1.84,0.061,-0.164,-0.089,-0.377,42.71,39.69
"2022-04-10 13:30:00",2845,10.09,406,0,-0.044,1,-1.64,0.088,-0.146,-0.029,-0.335,48.18,41.57
"2022-04-10 14:00:00",2846,10.09,406,0,-0.097,0.3,-1.46,0.027,-0.13,-0.032,-0.321,48.64,45.61
"2022-04-10 14:30:00",2847,9.89,406,0,-0.005,1.51,-1.76,0.134,-0.156,-0.058,-0.372,40.54,40.43
"2022-04-10 15:00:00",2848,9.87,406,0,-0.042,1.18,-1.81,0.105,-0.161,-0.081,-0.369,42.73,39.71
"2022-04-10 15:30:00",2849,9.73,406,0,-0.016,1.16,-1.49,0.103,-0.133,0.037,-0.334,59.58,41.55
"2022-04-10 16:00:00",2850,9.62,406,0,-0.043,0.92,-1.54,0.081,-0.137,-0.039,-0.338,45.63,41.35
"2022-04-10 16:30:00",2851,9.46,406,0,-0.023,1.18,-1.6,0.105,-0.142,-0.032,-0.345,43.5,40.22
"2022-04-11 10:00:00",2852,11.56,406,0,0.029,1.48,-1.32,0.131,-0.117,-99,-0.305,-99,45.08
"2022-04-11 10:30:00",2853,11.78,406,0,0.022,1.09,-0.97,0.096,-0.086,-99,-0.225,-99,55.03
"2022-04-11 11:00:00",2854,11.93,406,0,0.036,1.28,-1.02,0.113,-0.091,-99,-0.246,-99,49.8
"2022-04-11 11:30:00",2855,11.79,406,0,0.031,1.22,-1.01,0.108,-0.091,-99,-0.241,-99,51.06
"2022-04-11 12:00:00",2856,11.36,406,0,0.035,1.31,-1.07,0.116,-0.096,-99,-0.246,-99,49.87
"2022-04-11 12:30:00",2857,10.96,406,0,-0.2,-0.64,-1.59,-0.058,-0.142,-0.117,-0.327,39.94,43.16
"2022-04-11 13:00:00",2858,10.76,406,0,0.211,3.3,-1.28,0.292,-0.115,0.173,-0.361,50.8,40.45
"2022-04-11 13:30:00",2859,10.76,406,0,-0.032,1.02,-1.52,0.09,-0.136,-0.012,-0.341,43.36,42.42
"2022-04-11 14:00:00",2860,10.74,406,0,0.048,1.71,-1.37,0.152,-0.122,0.036,-0.341,45.75,41.9
"2022-04-11 14:30:00",2861,10.71,406,0,-0.003,1.02,-1.19,0.09,-0.106,0.04,-0.308,58.07,44.23
"2022-04-11 15:00:00",2862,10.66,406,0,0.087,2.4,-1.69,0.212,-0.15,0.016,-0.366,45.06,40.23
"2022-04-11 15:30:00",2863,10.67,406,0,-0.174,-0.34,-1.63,-0.031,-0.145,-0.113,-0.326,41.94,42.25
"2022-04-11 16:00:00",2864,10.58,406,0,-0.128,0.26,-1.77,0.023,-0.158,-0.116,-0.369,42.38,40.19
"2022-04-11 16:30:00",2865,10.55,406,0,0.025,1.7,-1.62,0.15,-0.144,0.031,-0.357,55.55,41.71
"2022-04-11 17:00:00",2866,10.57,406,0,-0.1,0.57,-1.8,0.05,-0.16,-0.085,-0.373,45.17,40.75
"2022-04-11 17:30:00",2867,10.47,406,0,-0.108,0.52,-1.83,0.046,-0.163,-0.098,-0.376,44.18,40.49
"2022-04-11 18:00:00",2868,10.44,406,0,-0.13,0.28,-1.81,0.025,-0.161,-0.106,-0.369,44.44,40.44
"2022-04-11 18:30:00",2869,10.4,406,0,-0.175,-0.11,-1.9,-0.01,-0.169,-0.132,-0.373,44.4,39.87
"2022-04-11 19:00:00",2870,10.34,406,0,-0.212,-0.41,-1.98,-0.037,-0.176,-0.161,-0.379,43.02,40.67
"2022-04-11 19:30:00",2871,10.26,406,0,-0.273,-0.93,-2.1,-0.084,-0.187,-0.194,-0.388,41.89,39.28
"2022-04-11 20:00:00",2872,10.18,406,0,-0.289,-1.06,-2.14,-0.094,-0.19,-0.208,-0.389,42.9,40.29
"2022-04-11 20:30:00",2873,10.05,406,0,-0.317,-1.29,-2.2,-0.115,-0.196,-0.217,-0.39,43.39,39.37
"2022-04-11 21:00:00",2874,10.02,406,0,-0.314,-1.29,-2.17,-0.115,-0.193,-0.223,-0.386,43.17,39.73
"2022-04-11 21:30:00",2875,9.93,406,0,-0.326,-1.45,-2.13,-0.129,-0.189,-0.224,-0.381,43.02,40.25
"2022-04-11 22:00:00",2876,9.82,406,0,-0.315,-1.37,-2.09,-0.122,-0.186,-0.216,-0.38,44.85,40.31
"2022-04-11 22:30:00",2877,9.67,406,0,-0.308,-1.36,-2.02,-0.121,-0.18,-0.203,-0.367,46.29,40.35
"2022-04-11 23:00:00",2878,9.61,406,0,-0.294,-1.22,-2.02,-0.109,-0.179,-0.204,-0.366,46.39,41.28
"2022-04-11 23:30:00",2879,9.48,406,0,-0.313,-1.38,-2.05,-0.123,-0.182,-0.21,-0.371,44.53,41.08
"2022-04-12 00:00:00",2880,9.33,406,0,-0.307,-1.38,-1.99,-0.123,-0.177,-0.208,-0.367,46.36,41.67
"2022-04-12 00:30:00",2881,9.22,406,0,-0.318,-1.38,-2.11,-0.123,-0.188,-0.216,-0.373,46.09,40.3
"2022-04-12 11:30:00",2882,11.04,406,0,0.036,1.17,-0.9,0.104,-0.081,-99,-99,-99,-99
"2022-04-12 12:00:00",2883,10.39,406,0,0.113,2.51,-1.52,0.222,-0.135,0.013,-0.348,44.4,41.13
"2022-04-12 12:30:00",2884,10.47,406,0,0.029,1.63,-1.49,0.144,-0.133,0.024,-0.329,47.07,42.82
"2022-04-12 13:00:00",2885,10.22,406,0,0.005,1.54,-1.67,0.136,-0.148,-0.043,-0.359,41.96,40.87
"2022-04-12 13:30:00",2886,10.2,406,0,0,1.19,-1.34,0.105,-0.119,0.047,-0.312,53.3,43.65
"2022-04-12 14:00:00",2887,10.11,406,0,0.062,1.47,-0.93,0.13,-0.083,-99,-0.258,-99,48.88
"2022-04-12 14:30:00",2888,9.99,406,0,0.073,1.85,-1.24,0.164,-0.111,0.094,-0.316,53.36,43.45
"2022-04-12 15:00:00",2889,9.94,406,0,0.083,2.17,-1.48,0.192,-0.132,0.044,-0.34,48.42,40.84
"2022-04-12 15:30:00",2890,9.86,406,0,-0.1,0.35,-1.55,0.031,-0.138,-0.084,-0.337,43.26,43
"2022-04-12 16:00:00",2891,9.63,406,0,-0.111,0.39,-1.72,0.034,-0.153,-0.089,-0.349,42.94,41.02
"2022-04-12 16:30:00",2892,9.47,406,0,0.061,1.92,-1.45,0.17,-0.129,-99,-0.327,-99,41.96
"2022-04-12 17:00:00",2893,9.33,406,0,-0.074,0.81,-1.77,0.072,-0.158,-0.074,-0.369,45.41,40.48
"2022-04-12 17:30:00",2894,9.25,406,0,-0.068,0.84,-1.73,0.074,-0.154,-0.072,-0.358,43.9,40.32
"2022-04-13 10:00:00",2895,10.62,406,0,0.119,2.1,-0.99,0.186,-0.089,-99,-0.262,-99,47.98
"2022-04-13 10:30:00",2896,9.87,406,0,0.183,2.69,-0.92,0.238,-0.082,-99,-0.26,-99,45.91
"2022-04-13 11:00:00",2897,10.3,406,0,0.107,1.9,-0.9,0.168,-0.081,-99,-0.244,-99,48.29
"2022-04-13 11:30:00",2898,10.8,406,0,0.115,2.34,-1.3,0.207,-0.116,0.076,-0.307,48.31,46.14
"2022-04-13 12:00:00",2899,10.83,406,0,0.162,2.44,-0.87,0.216,-0.078,-99,-0.239,-99,50.93
"2022-04-13 12:30:00",2900,10.62,406,0,0.09,2.17,-1.4,0.192,-0.125,0.045,-0.32,44.65,43.98
"2022-04-13 13:00:00",2901,10.49,406,0,0.15,2.77,-1.38,0.245,-0.123,0.092,-0.341,47.11,42.18
"2022-04-13 13:30:00",2902,10.43,406,0,0.049,1.71,-1.35,0.151,-0.121,0.024,-0.333,46.37,42.53
"2022-04-13 14:00:00",2903,10.35,406,0,0.047,1.68,-1.34,0.149,-0.119,0.053,-0.325,46.88,43.2
"2022-04-13 14:30:00",2904,10.34,406,0,0.024,1.53,-1.44,0.135,-0.128,0.037,-0.327,52.08,42.44
"2022-04-13 15:00:00",2905,10.23,406,0,0.038,1.73,-1.5,0.153,-0.134,0.021,-0.335,48.7,40.04
"2022-04-13 15:30:00",2906,10.14,406,0,-0.139,0.06,-1.67,0.006,-0.148,-0.097,-0.339,40.65,40.96
"2022-04-13 16:00:00",2907,9.94,406,0,-0.086,0.64,-1.72,0.056,-0.153,-0.097,-0.361,43.21,39.63
"2022-04-13 16:30:00",2908,9.89,406,0,-0.068,0.84,-1.73,0.074,-0.154,-0.045,-0.359,44.62,39.39
"2022-04-13 17:00:00",2909,9.79,406,0,-0.09,0.62,-1.74,0.055,-0.155,-0.061,-0.357,45.85,41.18
"2022-04-13 17:30:00",2910,9.64,406,0,-0.113,0.41,-1.77,0.036,-0.158,-0.099,-0.364,45.58,41.07
"2022-04-13 18:00:00",2911,9.43,406,0,-0.163,0,-1.88,0,-0.167,-0.118,-0.368,43.62,43.1
"2022-04-13 18:30:00",2912,9.32,406,0,-0.172,-0.13,-1.84,-0.012,-0.164,-0.114,-0.365,44.35,43.26
"2022-04-14 10:00:00",2913,10.94,406,0,0.078,2.01,-1.36,0.178,-0.121,-99,-0.312,-99,44.02
"2022-04-14 10:30:00",2914,11.34,406,0,0.045,1.38,-1.03,0.122,-0.092,-99,-0.258,-99,48.82
"2022-04-14 11:00:00",2915,11.69,406,0,0.085,1.83,-1.08,0.162,-0.096,-99,-0.265,-99,47.7
"2022-04-14 11:30:00",2916,11.52,406,0,0.027,1.32,-1.17,0.117,-0.105,0.066,-0.274,56.62,48.8
"2022-04-14 12:00:00",2917,10.84,406,0,0.02,1.85,-1.84,0.163,-0.164,-0.043,-0.375,39.88,39.52
"2022-04-14 12:30:00",2918,10.87,406,0,0.038,1.76,-1.54,0.156,-0.137,0.035,-0.334,49.68,40.45
"2022-04-14 13:00:00",2919,10.87,406,0,0.11,2.3,-1.31,0.203,-0.117,0.096,-0.32,53.96,43.08
"2022-04-14 13:30:00",2920,10.74,406,0,-0.045,0.81,-1.44,0.072,-0.129,-0.023,-0.326,45.92,43.07
"2022-04-14 14:00:00",2921,10.73,406,0,-0.034,1.19,-1.73,0.105,-0.154,-0.048,-0.359,44.41,41.82
"2022-04-14 14:30:00",2922,10.69,406,0,-0.085,0.66,-1.73,0.058,-0.154,-0.083,-0.365,45.64,38.74
"2022-04-14 15:00:00",2923,10.67,406,0,-0.053,0.96,-1.7,0.085,-0.151,-0.022,-0.348,46.41,43.4
"2022-04-14 15:30:00",2924,10.61,406,0,-0.066,0.81,-1.68,0.072,-0.15,-0.061,-0.346,44.84,42.09
"2022-04-14 16:00:00",2925,10.58,406,0,-0.123,0.32,-1.78,0.029,-0.159,-0.088,-0.359,44.64,41.06
"2022-04-14 16:30:00",2926,10.56,406,0,-0.1,0.5,-1.72,0.044,-0.153,-0.069,-0.351,46.43,41.76
"2022-04-14 17:00:00",2927,10.49,406,0,-0.122,0.31,-1.76,0.028,-0.156,-0.087,-0.357,47.73,41.24
"2022-04-14 17:30:00",2928,10.46,406,0,-0.117,0.36,-1.76,0.032,-0.157,-0.079,-0.356,46.58,41.65
"2022-04-14 18:00:00",2929,10.36,406,0,-0.148,0.05,-1.77,0.005,-0.157,-0.11,-0.362,43.58,42.65
"2022-04-14 18:30:00",2930,10.33,406,0,-0.17,-0.05,-1.9,-0.005,-0.169,-0.133,-0.371,43.38,40.37
"2022-04-14 19:00:00",2931,10.25,406,0,-0.277,-0.92,-2.16,-0.082,-0.192,-0.208,-0.405,40.25,40.15
"2022-04-14 19:30:00",2932,10.17,406,0,-0.326,-1.25,-2.35,-0.112,-0.209,-0.24,-0.399,37.62,37.52
"2022-04-14 20:00:00",2933,10.09,406,0,-0.32,-1.3,-2.22,-0.116,-0.197,-0.217,-0.399,42.83,39.82
"2022-04-14 20:30:00",2934,10,406,0,-0.327,-1.38,-2.22,-0.123,-0.197,-0.221,-0.389,43.7,40.27
"2022-04-14 21:00:00",2935,9.91,406,0,-0.321,-1.33,-2.2,-0.118,-0.196,-0.219,-0.389,42.9,39.89
"2022-04-14 21:30:00",2936,9.8,406,0,-0.329,-1.41,-2.21,-0.126,-0.197,-0.218,-0.385,43.02,39.84
"2022-04-14 22:00:00",2937,9.65,406,0,-0.354,-1.68,-2.19,-0.15,-0.195,-0.231,-0.386,42.19,39.59
"2022-04-14 22:30:00",2938,9.52,406,0,-0.326,-1.4,-2.18,-0.125,-0.194,-0.224,-0.385,44.08,39.81
"2022-04-14 23:00:00",2939,9.44,406,0,-0.331,-1.43,-2.2,-0.127,-0.195,-0.23,-0.389,42.61,38.61
"2022-04-14 23:30:00",2940,9.26,406,0,-0.323,-1.31,-2.25,-0.117,-0.2,-0.237,-0.398,42.75,40.15
"2022-04-15 09:30:00",2941,9.44,406,0,0.17,2.79,-1.18,0.247,-0.105,-99,-0.277,-99,46.09
"2022-04-15 10:00:00",2942,9.38,406,0,0.273,3.78,-1.1,0.335,-0.099,-99,-0.302,-99,44.49
"2022-04-15 10:30:00",2943,11.73,406,0,0.17,2.58,-0.94,0.228,-0.084,-99,-0.249,-99,51.52
"2022-04-15 11:00:00",2944,11.97,406,0,0.179,2.67,-0.94,0.236,-0.084,-99,-0.255,-99,48.57
"2022-04-15 11:30:00",2945,11.66,406,0,0.135,2.19,-0.9,0.194,-0.08,-99,-0.247,-99,52.03
"2022-04-15 12:00:00",2946,11.33,406,0,0.053,1.43,-0.99,0.126,-0.089,0.111,-0.253,52.58,49.16
"2022-04-15 12:30:00",2947,10.98,406,0,0.176,3.21,-1.58,0.284,-0.141,0.025,-0.362,41.46,40.94
"2022-04-15 13:00:00",2948,10.95,406,0,0.235,3.81,-1.57,0.337,-0.14,0.085,-0.356,43.08,40.33
"2022-04-15 13:30:00",2949,10.88,406,0,0.177,3.19,-1.54,0.283,-0.137,0.104,-0.367,46.01,41.18
"2022-04-15 14:00:00",2950,10.86,406,0,0.066,1.88,-1.35,0.167,-0.12,0.041,-0.325,48.4,42.89
"2022-04-15 14:30:00",2951,10.84,406,0,0.203,3.23,-1.29,0.286,-0.115,-99,-0.332,-99,40.9
"2022-04-15 15:00:00",2952,10.85,406,0,0.009,1.74,-1.84,0.154,-0.163,-0.044,-0.378,43.25,40.91
"2022-04-15 15:30:00",2953,10.83,406,0,-0.092,0.74,-1.9,0.065,-0.169,-0.102,-0.371,42.32,39.31
"2022-04-15 16:00:00",2954,10.8,406,0,-0.115,0.57,-1.97,0.051,-0.175,-0.099,-0.38,42.79,40.61
"2022-04-15 16:30:00",2955,10.75,406,0,-0.029,1.19,-1.68,0.105,-0.149,-0.017,-0.355,51.26,41.18
"2022-04-15 17:00:00",2956,10.76,406,0,-0.184,-0.05,-2.07,-0.005,-0.184,-0.135,-0.384,41.4,39.63
"2022-04-15 17:30:00",2957,10.71,406,0,-0.183,-0.16,-1.93,-0.015,-0.171,-0.147,-0.375,42.9,39.63
"2022-04-15 18:00:00",2958,10.69,406,0,-0.183,-0.16,-1.93,-0.015,-0.172,-0.146,-0.377,44.74,40.21
"2022-04-15 18:30:00",2959,10.68,406,0,-0.227,-0.54,-2.01,-0.049,-0.179,-0.166,-0.38,43.16,40.56
"2022-04-15 19:00:00",2960,10.68,406,0,-0.263,-0.84,-2.09,-0.075,-0.186,-0.192,-0.386,44.68,39.74
"2022-04-15 19:30:00",2961,10.66,406,0,-0.297,-1.17,-2.11,-0.104,-0.188,-0.209,-0.387,44.18,39.75
"2022-04-15 20:00:00",2962,10.63,406,0,-0.296,-1.15,-2.12,-0.103,-0.189,-0.208,-0.386,43.93,39.92
"2022-04-15 20:30:00",2963,10.57,406,0,-0.312,-1.31,-2.12,-0.117,-0.189,-0.212,-0.381,44.5,40.65
"2022-04-15 21:00:00",2964,10.54,406,0,-0.305,-1.23,-2.13,-0.11,-0.189,-0.215,-0.387,43.76,40.32
"2022-04-15 21:30:00",2965,10.5,406,0,-0.307,-1.26,-2.12,-0.113,-0.189,-0.214,-0.382,44.44,41
"2022-04-15 22:00:00",2966,10.46,406,0,-0.323,-1.39,-2.16,-0.124,-0.192,-0.216,-0.381,44.49,40.48
"2022-04-15 22:30:00",2967,10.4,406,0,-0.315,-1.39,-2.07,-0.124,-0.184,-0.213,-0.378,44.92,40.23
"2022-04-15 23:00:00",2968,10.36,406,0,-0.309,-1.31,-2.09,-0.117,-0.186,-0.209,-0.377,44.93,40.4
"2022-04-15 23:30:00",2969,10.27,406,0,-0.313,-1.37,-2.07,-0.122,-0.184,-0.216,-0.373,44.81,40.8
"2022-04-16 00:00:00",2970,10.19,406,0,-0.314,-1.35,-2.1,-0.12,-0.187,-0.211,-0.377,44.08,41.05
"2022-04-16 00:30:00",2971,10.1,406,0,-0.308,-1.34,-2.04,-0.12,-0.182,-0.212,-0.372,43.31,41.12
"2022-04-16 01:00:00",2972,10.04,406,0,-0.31,-1.33,-2.08,-0.118,-0.185,-0.204,-0.373,46.88,41.36
"2022-04-16 01:30:00",2973,9.94,406,0,-0.323,-1.46,-2.08,-0.13,-0.185,-0.221,-0.371,45.76,42.47
"2022-04-16 02:00:00",2974,9.81,406,0,-0.316,-1.35,-2.12,-0.12,-0.188,-0.21,-0.375,45.42,41.83
"2022-04-16 02:30:00",2975,9.74,406,0,-0.305,-1.31,-2.04,-0.116,-0.182,-0.214,-0.372,44.14,40.7
"2022-04-16 03:00:00",2976,9.59,406,0,-0.316,-1.42,-2.04,-0.126,-0.182,-0.216,-0.374,45.61,41.59
"2022-04-16 03:30:00",2977,9.51,406,0,-0.297,-1.26,-2,-0.112,-0.178,-0.186,-0.364,47.61,43.91
"2022-04-16 04:00:00",2978,9.33,406,0,-0.297,-1.25,-2.02,-0.112,-0.18,-0.205,-0.358,46.89,43.03
"2022-04-16 04:30:00",2979,9.24,406,0,-0.285,-1.23,-1.9,-0.109,-0.169,-0.195,-0.351,48.34,43.65
"2022-04-16 10:30:00",2980,9.26,406,0,-0.064,0.73,-1.56,0.065,-0.139,-0.028,-0.323,53.88,47.12
"2022-04-16 11:00:00",2981,9.32,406,0,-0.011,1.09,-1.36,0.097,-0.121,0.021,-0.305,56.59,44.43
"2022-04-16 11:30:00",2982,9.55,406,0,-0.06,0.61,-1.38,0.054,-0.123,-0.017,-0.298,54.05,46.72
"2022-04-16 12:00:00",2983,9.59,406,0,0.077,2.08,-1.45,0.184,-0.129,0.071,-0.32,56.76,43.51
"2022-04-16 12:30:00",2984,9.51,406,0,0.073,1.89,-1.28,0.167,-0.114,-99,-0.314,-99,42.82
"2022-04-16 13:00:00",2985,9.38,406,0,0.039,1.66,-1.41,0.147,-0.126,0.02,-0.292,46.1,46.83
"2022-04-16 13:30:00",2986,9.34,406,0,0.007,1.49,-1.59,0.132,-0.142,-0.021,-0.349,42.5,42.4
"2022-04-16 14:00:00",2987,9.32,406,0,-0.041,1.02,-1.62,0.09,-0.144,-0.036,-0.343,45.15,41.04
"2022-04-16 14:30:00",2988,9.25,406,0,0.162,2.71,-1.18,0.239,-0.105,-99,-0.29,-99,45.52
"2022-04-16 15:00:00",2989,9.3,406,0,0.043,1.83,-1.56,0.162,-0.139,0.01,-0.34,49.12,41.53
"2022-04-17 10:30:00",2990,10.97,406,0,0.047,1.45,-1.09,0.128,-0.097,0.082,-0.277,60.57,50.07
"2022-04-17 11:00:00",2991,11.12,406,0,0.031,1.29,-1.09,0.114,-0.097,-99,-0.264,-99,47.92
"2022-04-17 11:30:00",2992,11.76,406,0,0.05,1.48,-1.09,0.131,-0.097,0.115,-0.258,75.87,47.65
"2022-04-17 12:00:00",2993,11.11,406,0,0.074,1.77,-1.13,0.156,-0.101,-99,-0.259,-99,50.54
"2022-04-17 12:30:00",2994,10.78,406,0,0.231,4.2,-2.05,0.372,-0.182,-0.015,-0.401,39.4,39.29
"2022-04-17 13:00:00",2995,10.75,406,0,0.132,3.11,-1.97,0.276,-0.175,-0.019,-0.383,38.83,39.15
"2022-04-17 13:30:00",2996,10.71,406,0,0.25,4.07,-1.69,0.361,-0.15,0.141,-0.38,53.15,42.07
"2022-04-17 14:00:00",2997,10.63,406,0,-0.134,-0.19,-1.33,-0.018,-0.119,-0.044,-0.303,44.4,44.56
"2022-04-17 14:30:00",2998,10.68,406,0,0.172,3.04,-1.43,0.269,-0.127,0.12,-0.33,57.67,45.09
"2022-04-17 15:00:00",2999,10.63,406,0,-0.025,1.28,-1.73,0.113,-0.154,-0.038,-0.374,42.66,39.64
"2022-04-17 15:30:00",3000,10.55,406,0,0.133,2.81,-1.62,0.248,-0.144,0.103,-0.366,57.62,40.85
"2022-04-17 16:00:00",3001,10.56,406,0,-0.049,0.99,-1.68,0.088,-0.149,-0.023,-0.356,44.69,41.26
"2022-04-17 16:30:00",3002,10.52,406,0,0.091,2.17,-1.39,0.192,-0.124,-99,-0.33,-99,40.19
"2022-04-17 17:00:00",3003,10.45,406,0,-0.106,0.68,-1.99,0.06,-0.177,-0.095,-0.382,40.94,39.33
"2022-04-17 17:30:00",3004,10.41,406,0,-0.099,0.61,-1.83,0.054,-0.163,-0.086,-0.37,45.01,38.81
"2022-04-17 18:00:00",3005,10.32,406,0,-0.132,0.35,-1.92,0.031,-0.171,-0.093,-0.374,44.1,39.98
"2022-04-17 18:30:00",3006,10.26,406,0,-0.135,0.3,-1.9,0.026,-0.169,-0.103,-0.372,43.58,40.14
"2022-04-17 19:00:00",3007,10.23,406,0,-0.176,-0.05,-1.97,-0.006,-0.175,-0.134,-0.377,42.93,39.91
"2022-04-17 19:30:00",3008,10.09,406,0,-0.207,-0.32,-2.03,-0.029,-0.181,-0.163,-0.384,42.17,40.55
"2022-04-17 20:00:00",3009,10.06,406,0,-0.247,-0.65,-2.11,-0.059,-0.187,-0.188,-0.391,42.55,39.94
"2022-04-17 20:30:00",3010,9.94,406,0,-0.282,-1,-2.12,-0.09,-0.188,-0.196,-0.386,43.05,38.77
"2022-04-17 21:00:00",3011,9.86,406,0,-0.295,-1.1,-2.16,-0.099,-0.192,-0.205,-0.383,43.81,40.37
"2022-04-17 21:30:00",3012,9.77,406,0,-0.309,-1.26,-2.14,-0.112,-0.19,-0.209,-0.38,44.38,40.26
"2022-04-17 22:00:00",3013,9.59,406,0,-0.276,-0.99,-2.07,-0.088,-0.184,-0.191,-0.375,42.96,39.93
"2022-04-17 22:30:00",3014,9.52,406,0,-0.315,-1.3,-2.17,-0.116,-0.193,-0.208,-0.377,43.21,39.92
"2022-04-17 23:00:00",3015,9.32,406,0,-0.318,-1.35,-2.15,-0.12,-0.192,-0.216,-0.381,43.89,39.61
"2022-04-19 10:00:00",3016,10.38,406,0,-0.064,0.6,-1.42,0.053,-0.126,-99,-0.291,-99,45.07
"2022-04-19 10:30:00",3017,10.55,406,0,-0.01,0.91,-1.15,0.081,-0.103,-99,-0.269,-99,50.56
"2022-04-19 11:00:00",3018,10.9,406,0,-0.057,0.53,-1.26,0.046,-0.112,0.021,-0.291,57.13,44.37
"2022-04-19 11:30:00",3019,10.99,406,0,-0.34,-1.96,-1.72,-0.174,-0.153,-0.226,-0.316,41.1,44.75
"2022-04-19 12:00:00",3020,11.05,406,0,-0.076,0.46,-1.4,0.04,-0.125,-0.01,-0.296,46.46,46.93
"2022-04-19 12:30:00",3021,10.76,406,0,0.107,2.5,-1.57,0.221,-0.14,0.086,-0.349,54.72,42.52
"2022-04-19 13:00:00",3022,10.7,406,0,-0.061,1.12,-1.97,0.099,-0.175,-0.1,-0.39,39.69,40
"2022-04-19 13:30:00",3023,10.68,406,0,-0.053,0.99,-1.73,0.087,-0.154,-0.046,-0.357,44.06,39.78
"2022-04-19 14:00:00",3024,10.61,406,0,-0.288,-1.68,-1.43,-0.15,-0.128,-0.141,-0.291,46.82,46.87
"2022-04-19 14:30:00",3025,10.6,406,0,-0.069,0.75,-1.64,0.067,-0.146,-0.021,-0.348,51.57,41.87
"2022-04-19 15:00:00",3026,10.66,406,0,-0.058,0.85,-1.63,0.075,-0.146,-0.034,-0.339,49.4,43.03
"2022-04-19 15:30:00",3027,10.54,406,0,-0.054,0.92,-1.66,0.081,-0.148,-0.026,-0.344,49.21,40.09
"2022-04-19 16:00:00",3028,10.51,406,0,-0.037,0.88,-1.42,0.078,-0.126,-0.004,-0.318,50,43.64
"2022-04-19 16:30:00",3029,10.47,406,0,0.097,2.18,-1.33,0.193,-0.119,-99,-0.315,-99,41.02
"2022-04-19 17:00:00",3030,10.36,406,0,-0.072,0.9,-1.84,0.079,-0.164,-0.058,-0.367,46.54,39.92
"2022-04-19 17:30:00",3031,10.31,406,0,-0.063,0.85,-1.69,0.075,-0.151,-0.044,-0.355,45.34,42.16
"2022-04-19 18:00:00",3032,10.24,406,0,-0.09,0.64,-1.76,0.056,-0.157,-0.068,-0.352,42.38,42.53
"2022-04-19 18:30:00",3033,10.22,406,0,-0.1,0.57,-1.8,0.051,-0.161,-0.099,-0.368,44.86,39.33
"2022-04-19 19:00:00",3034,10.13,406,0,-0.167,-0.05,-1.87,-0.005,-0.166,-0.126,-0.365,47.05,39.03
"2022-04-19 19:30:00",3035,9.98,406,0,-0.198,-0.37,-1.87,-0.034,-0.167,-0.141,-0.366,43.91,40.46
"2022-04-19 20:00:00",3036,9.94,406,0,-0.231,-0.56,-2.03,-0.051,-0.181,-0.158,-0.372,44.45,41
"2022-04-19 20:30:00",3037,9.79,406,0,-0.257,-0.81,-2.05,-0.073,-0.182,-0.183,-0.38,44.39,41.2
"2022-04-19 21:00:00",3038,9.74,406,0,-0.271,-0.99,-2.01,-0.089,-0.179,-0.18,-0.365,49.31,38.35
"2022-04-19 21:30:00",3039,9.61,406,0,-0.278,-1.09,-1.98,-0.097,-0.177,-0.195,-0.366,44.91,41.46
"2022-04-19 22:00:00",3040,9.47,406,0,-0.291,-1.19,-2.02,-0.106,-0.18,-0.185,-0.366,44.28,41.1
"2022-04-20 09:00:00",3041,9.76,406,0,-0.133,0,-1.54,0,-0.137,-0.052,-0.304,54.97,43.6
"2022-04-20 09:30:00",3042,9.55,406,0,-0.022,1.04,-1.43,0.092,-0.127,0,-0.307,53.16,45.13
"2022-04-20 10:00:00",3043,9.56,406,0,-0.007,1.23,-1.47,0.109,-0.131,0.028,-0.314,53.41,43.14
"2022-04-20 10:30:00",3044,11.92,406,0,-0.026,0.8,-1.2,0.071,-0.107,-99,-0.26,-99,47.97
"2022-04-20 11:00:00",3045,12.31,406,0,-0.039,0.69,-1.23,0.061,-0.11,0.008,-0.272,56.42,47.57
"2022-04-20 11:30:00",3046,11.99,406,0,-0.002,1,-1.16,0.088,-0.104,-99,-0.262,-99,47.3
"2022-04-20 12:00:00",3047,11.39,406,0,0,1.09,-1.22,0.096,-0.109,0.051,-0.268,63.19,47.96
"2022-04-20 12:30:00",3048,10.99,406,0,0.229,4.01,-1.87,0.355,-0.167,0.077,-0.393,45.87,40.35
"2022-04-20 13:00:00",3049,10.93,406,0,-0.038,1.53,-2.16,0.136,-0.192,-0.113,-0.395,38.67,39.14
"2022-04-20 13:30:00",3050,10.9,406,0,0.154,2.87,-1.45,0.254,-0.129,0.109,-0.354,50.82,40.04
"2022-04-20 14:00:00",3051,10.85,406,0,-0.21,-0.73,-1.6,-0.066,-0.143,-0.122,-0.33,41.15,44.38
"2022-04-20 14:30:00",3052,10.81,406,0,0.097,2.24,-1.4,0.198,-0.125,-99,-0.306,-99,44.78
"2022-04-20 15:00:00",3053,10.86,406,0,-0.054,1.06,-1.82,0.094,-0.162,-0.066,-0.37,43.11,40.09
"2022-04-20 15:30:00",3054,10.77,406,0,-0.037,1.02,-1.58,0.091,-0.141,-0.026,-0.348,45.02,42.83
"2022-04-20 16:00:00",3055,10.75,406,0,0.034,1.59,-1.39,0.14,-0.124,-99,-0.326,-99,43.39
"2022-04-20 16:30:00",3056,10.73,406,0,0.099,2.35,-1.5,0.208,-0.134,-99,-0.341,-99,42.03
"2022-04-20 17:00:00",3057,10.75,406,0,-0.146,0.24,-1.96,0.021,-0.174,-0.115,-0.378,43.53,41.08
"2022-04-20 17:30:00",3058,10.68,406,0,-0.118,0.44,-1.86,0.039,-0.166,-0.095,-0.368,44.02,41
"2022-04-20 18:00:00",3059,10.66,406,0,-0.135,0.26,-1.85,0.023,-0.165,-0.101,-0.365,45.92,40.14
"2022-04-20 18:30:00",3060,10.69,406,0,-0.159,0,-1.84,0,-0.164,-0.12,-0.365,44.95,40.94
"2022-04-20 19:00:00",3061,10.67,406,0,-0.204,-0.38,-1.92,-0.034,-0.171,-0.152,-0.372,43.33,40.31
"2022-04-20 19:30:00",3062,10.62,406,0,-0.227,-0.5,-2.06,-0.045,-0.183,-0.17,-0.38,44.06,39.94
"2022-04-20 20:00:00",3063,10.58,406,0,-0.286,-1.1,-2.06,-0.098,-0.183,-0.207,-0.381,42.72,40.12
"2022-04-20 20:30:00",3064,10.61,406,0,-0.301,-1.18,-2.14,-0.105,-0.19,-0.217,-0.384,43.26,40.23
"2022-04-20 21:00:00",3065,10.55,406,0,-0.309,-1.28,-2.12,-0.114,-0.189,-0.216,-0.381,43.69,40.09
"2022-04-20 21:30:00",3066,10.53,406,0,-0.32,-1.39,-2.12,-0.124,-0.189,-0.224,-0.383,43.06,40.61
"2022-04-20 22:00:00",3067,10.5,406,0,-0.305,-1.25,-2.11,-0.112,-0.188,-0.214,-0.377,44,40.4
"2022-04-20 22:30:00",3068,10.48,406,0,-0.307,-1.31,-2.07,-0.117,-0.184,-0.22,-0.38,45,40.46
"2022-04-20 23:00:00",3069,10.47,406,0,-0.315,-1.37,-2.09,-0.122,-0.186,-0.22,-0.377,43.9,40.45
"2022-04-20 23:30:00",3070,10.43,406,0,-0.326,-1.48,-2.09,-0.132,-0.186,-0.219,-0.377,44.49,40.05
"2022-04-21 00:00:00",3071,10.32,406,0,-0.32,-1.44,-2.07,-0.128,-0.184,-0.22,-0.375,45.1,40.4
"2022-04-21 00:30:00",3072,10.25,406,0,-0.314,-1.39,-2.05,-0.124,-0.182,-0.218,-0.374,45.54,40.99
"2022-04-21 01:00:00",3073,10.22,406,0,-0.337,-1.55,-2.14,-0.138,-0.191,-0.224,-0.379,43.22,40.19
"2022-04-21 01:30:00",3074,10.08,406,0,-0.339,-1.55,-2.16,-0.138,-0.192,-0.226,-0.374,45.81,40.43
"2022-04-21 02:00:00",3075,9.99,406,0,-0.333,-1.46,-2.2,-0.13,-0.195,-0.221,-0.378,44.99,40.7
"2022-04-21 02:30:00",3076,9.95,406,0,-0.334,-1.56,-2.09,-0.139,-0.186,-0.227,-0.373,45.3,40.6
"2022-04-21 03:00:00",3077,9.84,406,0,-0.327,-1.48,-2.1,-0.132,-0.186,-0.219,-0.376,44.79,40.76
"2022-04-21 03:30:00",3078,9.73,406,0,-0.319,-1.41,-2.09,-0.125,-0.186,-0.216,-0.375,45.51,41.64
"2022-04-21 04:00:00",3079,9.6,406,0,-0.326,-1.47,-2.1,-0.131,-0.186,-0.224,-0.374,45.39,41.11
"2022-04-21 04:30:00",3080,9.46,406,0,-0.31,-1.36,-2.04,-0.121,-0.181,-0.214,-0.364,46.85,40.63
"2022-04-21 05:00:00",3081,9.51,406,0,-0.105,0.25,-1.5,0.022,-0.134,-99,-0.29,-99,46.44
"2022-04-21 09:30:00",3082,9.68,406,0,0.015,1.33,-1.32,0.118,-0.117,-99,-0.294,-99,46.16
"2022-04-21 10:00:00",3083,9.81,406,0,0.01,1.28,-1.32,0.114,-0.118,0.021,-0.294,49.04,44.77
"2022-04-21 10:30:00",3084,10.52,406,0,0.021,1.18,-1.08,0.104,-0.096,-99,-0.261,-99,49.14
"2022-04-21 11:00:00",3085,10.9,406,0,-0.033,0.9,-1.4,0.079,-0.125,-0.027,-0.297,45.61,45.09
"2022-04-21 11:30:00",3086,10.62,406,0,0.061,2.04,-1.58,0.18,-0.141,0.012,-0.346,46.55,40.62
"2022-04-21 12:00:00",3087,10.56,406,0,0.042,1.76,-1.49,0.155,-0.133,0.037,-0.331,49.02,42.09
"2022-04-21 12:30:00",3088,10.57,406,0,0.08,2.04,-1.37,0.18,-0.122,0.061,-0.317,52.14,43.56
"2022-04-21 13:00:00",3089,10.54,406,0,0.053,1.76,-1.36,0.155,-0.121,0.054,-0.315,51.21,44.44
"2022-04-21 13:30:00",3090,10.58,406,0,0.08,2.02,-1.34,0.179,-0.12,0.076,-0.311,50.07,44.97
"2022-04-21 14:00:00",3091,10.52,406,0,-0.007,1.09,-1.31,0.096,-0.117,0.011,-0.304,47.52,44.51
"2022-04-21 14:30:00",3092,10.51,406,0,0.059,1.83,-1.37,0.162,-0.122,0.056,-0.315,48.84,44.16
"2022-04-21 15:00:00",3093,10.46,406,0,0.03,1.58,-1.42,0.14,-0.127,0.027,-0.321,47.85,41.92
"2022-04-21 15:30:00",3094,10.36,406,0,0.035,1.69,-1.49,0.15,-0.133,0.034,-0.333,49.41,42.23
"2022-04-21 16:00:00",3095,10.23,406,0,0.051,1.74,-1.36,0.154,-0.121,-99,-0.321,-99,43.87
"2022-04-21 16:30:00",3096,10.12,406,0,-0.041,1.02,-1.62,0.09,-0.144,-0.059,-0.344,44.11,41.09
"2022-04-21 17:00:00",3097,9.98,406,0,-0.124,0.38,-1.86,0.034,-0.165,-0.096,-0.366,43.27,40.67
"2022-04-21 17:30:00",3098,9.92,406,0,-0.14,0.17,-1.81,0.015,-0.161,-0.097,-0.362,47.27,41.49
"2022-04-21 18:00:00",3099,9.8,406,0,-0.146,0.12,-1.82,0.011,-0.162,-0.116,-0.362,45.38,41.11
"2022-04-21 18:30:00",3100,9.62,406,0,-0.202,-0.39,-1.89,-0.035,-0.169,-0.141,-0.36,43.76,41.16
"2022-04-21 19:00:00",3101,9.51,406,0,-0.236,-0.61,-2.04,-0.054,-0.181,-0.182,-0.38,42.67,39.65
"2022-04-21 19:30:00",3102,9.34,406,0,-0.263,-0.86,-2.06,-0.077,-0.183,-0.186,-0.381,44.82,40.13
"2022-04-22 09:30:00",3103,9.34,406,0,0,1.1,-1.23,0.097,-0.11,0.035,-0.272,53.93,47.75
"2022-04-22 10:00:00",3104,9.92,406,0,0.073,1.8,-1.18,0.159,-0.105,0.088,-0.283,61.35,45.71
"2022-04-22 10:30:00",3105,11.54,406,0,0.108,1.97,-0.97,0.174,-0.086,-99,-0.246,-99,51.67
"2022-04-22 11:00:00",3106,11.71,406,0,0.092,1.9,-1.07,0.168,-0.096,0.099,-0.262,52.91,49.07
"2022-04-22 11:30:00",3107,11.53,406,0,0.069,1.64,-1.04,0.145,-0.093,0.095,-0.259,51.01,47.59
"2022-04-22 12:00:00",3108,11.18,406,0,0.107,1.96,-0.97,0.174,-0.087,0.137,-0.245,53.98,54.14
"2022-04-22 12:30:00",3109,11.01,406,0,0.236,3.9,-1.66,0.345,-0.148,0.056,-0.367,41.95,41.85
"2022-04-22 13:00:00",3110,10.92,406,0,0.308,4.53,-1.54,0.401,-0.137,0.126,-0.363,46.86,40.11
"2022-04-22 13:30:00",3111,10.84,406,0,0.328,4.45,-1.22,0.394,-0.109,-99,-0.331,-99,43.23
"2022-04-22 14:00:00",3112,10.8,406,0,0.004,1.42,-1.55,0.125,-0.138,-0.004,-0.342,44.41,41.55
"2022-04-22 14:30:00",3113,10.8,406,0,-0.114,0.1,-1.43,0.009,-0.128,-0.053,-0.316,43.87,44.18
"2022-04-22 15:00:00",3114,10.76,406,0,-0.058,0.9,-1.69,0.079,-0.151,-0.039,-0.354,43.63,40.88
"2022-04-22 15:30:00",3115,10.71,406,0,-0.27,-1.41,-1.53,-0.126,-0.136,-0.157,-0.317,41.98,42.03
"2022-04-22 16:00:00",3116,10.68,406,0,-0.075,0.76,-1.72,0.067,-0.153,-0.067,-0.357,45.09,42.24
"2022-04-22 16:30:00",3117,10.68,406,0,0.043,1.71,-1.42,0.151,-0.126,-99,-0.326,-99,41.84
"2022-04-22 17:00:00",3118,10.63,406,0,-0.151,0.17,-1.93,0.015,-0.172,-0.107,-0.373,43.52,39.94
"2022-04-22 17:30:00",3119,10.59,406,0,-0.13,0.27,-1.8,0.024,-0.16,-0.104,-0.358,43.84,39.74
"2022-04-22 18:00:00",3120,10.6,406,0,-0.166,0,-1.91,0,-0.17,-0.115,-0.368,45.11,41.11
"2022-04-22 18:30:00",3121,10.55,406,0,-0.193,-0.26,-1.93,-0.024,-0.172,-0.149,-0.373,44.56,41.13
"2022-04-22 19:00:00",3122,10.53,406,0,-0.229,-0.61,-1.95,-0.055,-0.173,-0.173,-0.373,43.95,40.11
"2022-04-22 19:30:00",3123,10.48,406,0,-0.279,-1,-2.09,-0.09,-0.186,-0.202,-0.384,42.73,40.81
"2022-04-22 20:00:00",3124,10.49,406,0,-0.31,-1.25,-2.17,-0.112,-0.193,-0.226,-0.388,41.39,39.78
"2022-04-22 20:30:00",3125,10.46,406,0,-0.337,-1.44,-2.26,-0.128,-0.201,-0.237,-0.396,41.73,39.54
"2022-04-22 21:00:00",3126,10.4,406,0,-0.326,-1.42,-2.16,-0.126,-0.192,-0.231,-0.397,42.27,39.66
"2022-04-22 21:30:00",3127,10.35,406,0,-0.331,-1.42,-2.22,-0.126,-0.197,-0.221,-0.389,43.64,40.61
"2022-04-22 22:00:00",3128,10.26,406,0,-0.325,-1.34,-2.24,-0.12,-0.199,-0.221,-0.39,43.42,40.56
"2022-04-22 22:30:00",3129,10.18,406,0,-0.31,-1.27,-2.14,-0.113,-0.19,-0.212,-0.386,43.64,40.04
"2022-04-22 23:00:00",3130,10.13,406,0,-0.328,-1.39,-2.22,-0.123,-0.197,-0.218,-0.383,43.24,41.2
"2022-04-22 23:30:00",3131,10.04,406,0,-0.33,-1.42,-2.2,-0.127,-0.196,-0.223,-0.384,43.57,40.29
"2022-04-23 00:00:00",3132,9.93,406,0,-0.332,-1.44,-2.2,-0.128,-0.195,-0.223,-0.385,45.22,40.53
"2022-04-23 00:30:00",3133,9.78,406,0,-0.316,-1.29,-2.19,-0.115,-0.194,-0.218,-0.38,44.44,41.15
"2022-04-23 01:00:00",3134,9.7,406,0,-0.352,-1.65,-2.2,-0.147,-0.196,-0.23,-0.377,45.07,40.38
"2022-04-23 01:30:00",3135,9.54,406,0,-0.313,-1.27,-2.18,-0.113,-0.194,-0.222,-0.38,44.08,39.8
"2022-04-23 02:00:00",3136,9.31,406,0,-0.312,-1.32,-2.11,-0.118,-0.188,-0.208,-0.375,46.55,40.87
"2022-04-23 09:00:00",3137,9.77,406,0,-0.03,0.85,-1.31,0.075,-0.117,-99,-0.285,-99,46.58
"2022-04-23 09:30:00",3138,9.9,406,0,0.079,1.89,-1.21,0.167,-0.108,0.093,-0.289,54.76,45.08
"2022-04-23 10:00:00",3139,9.97,406,0,0.112,2.21,-1.19,0.196,-0.106,-99,-0.286,-99,46.95
"2022-04-23 10:30:00",3140,11.53,406,0,0.164,2.49,-0.91,0.22,-0.081,-99,-0.242,-99,50.04
"2022-04-23 11:00:00",3141,11.54,406,0,0.173,2.62,-0.95,0.232,-0.085,0.171,-0.26,55.03,48.29
"2022-04-23 11:30:00",3142,11.43,406,0,0.099,1.9,-0.99,0.168,-0.089,0.115,-0.262,52.55,49.13
"2022-04-23 12:00:00",3143,11.08,406,0,0.09,2.06,-1.27,0.182,-0.113,0.07,-0.304,45.76,44.83
"2022-04-23 12:30:00",3144,11.01,406,0,0.14,2.64,-1.35,0.233,-0.12,0.094,-0.327,47.03,42.94
"2022-04-23 13:00:00",3145,10.94,406,0,0.133,2.62,-1.41,0.232,-0.126,0.068,-0.337,45.18,42.17
"2022-04-23 13:30:00",3146,10.91,406,0,0.12,2.42,-1.34,0.214,-0.12,0.104,-0.323,51.19,42.38
"2022-04-23 14:00:00",3147,10.85,406,0,0.053,1.92,-1.54,0.17,-0.137,0.019,-0.342,45.27,41.28
"2022-04-23 14:30:00",3148,10.82,406,0,0.075,1.98,-1.36,0.175,-0.121,0.09,-0.318,58.2,44.65
"2022-04-23 15:00:00",3149,10.75,406,0,-0.048,1.04,-1.73,0.092,-0.154,-0.05,-0.356,44.67,41.25
"2022-04-23 15:30:00",3150,10.76,406,0,-0.093,0.46,-1.59,0.041,-0.142,-0.076,-0.338,46.28,41.61
"2022-04-23 16:00:00",3151,10.73,406,0,-0.092,0.63,-1.77,0.056,-0.157,-0.063,-0.354,45.5,42.07
"2022-04-23 16:30:00",3152,10.68,406,0,0,1.36,-1.53,0.121,-0.137,-0.007,-0.343,51,41.5
"2022-04-23 17:00:00",3153,10.68,406,0,-0.162,0.11,-1.99,0.01,-0.177,-0.121,-0.373,43.38,39.95
"2022-04-23 17:30:00",3154,10.63,406,0,-0.17,-0.04,-1.92,-0.005,-0.171,-0.129,-0.366,45.55,39.79
"2022-04-23 18:00:00",3155,10.6,406,0,-0.186,-0.21,-1.91,-0.019,-0.17,-0.135,-0.369,44.55,40.45
"2022-04-23 18:30:00",3156,10.58,406,0,-0.221,-0.5,-1.99,-0.045,-0.177,-0.157,-0.377,43.58,40.56
"2022-04-23 19:00:00",3157,10.54,406,0,-0.241,-0.67,-2.03,-0.06,-0.18,-0.176,-0.376,43.49,40.21
"2022-04-23 19:30:00",3158,10.55,406,0,-0.269,-0.89,-2.1,-0.08,-0.187,-0.199,-0.385,42.79,40.61
"2022-04-23 20:00:00",3159,10.52,406,0,-0.3,-1.14,-2.18,-0.102,-0.194,-0.217,-0.392,43.64,40.21
"2022-04-23 20:30:00",3160,10.48,406,0,-0.317,-1.31,-2.18,-0.117,-0.194,-0.216,-0.39,43.03,39.18
"2022-04-23 21:00:00",3161,10.41,406,0,-0.327,-1.38,-2.21,-0.123,-0.196,-0.218,-0.386,43.19,39.75
"2022-04-23 21:30:00",3162,10.39,406,0,-0.327,-1.45,-2.14,-0.129,-0.191,-0.225,-0.383,43.3,40.69
"2022-04-23 22:00:00",3163,10.32,406,0,-0.324,-1.35,-2.22,-0.12,-0.197,-0.215,-0.387,43.56,40.13
"2022-04-23 22:30:00",3164,10.23,406,0,-0.323,-1.41,-2.14,-0.126,-0.191,-0.217,-0.385,42.91,40.72
"2022-04-23 23:00:00",3165,10.13,406,0,-0.321,-1.4,-2.12,-0.125,-0.188,-0.219,-0.377,44.95,40.41
"2022-04-23 23:30:00",3166,10,406,0,-0.316,-1.37,-2.1,-0.122,-0.187,-0.219,-0.381,44.95,40.83
"2022-04-24 00:00:00",3167,9.92,406,0,-0.322,-1.37,-2.17,-0.122,-0.193,-0.217,-0.38,44.86,41.42
"2022-04-24 00:30:00",3168,9.77,406,0,-0.316,-1.35,-2.12,-0.12,-0.189,-0.21,-0.37,44.67,42.06
"2022-04-24 01:00:00",3169,9.65,406,0,-0.314,-1.4,-2.04,-0.125,-0.181,-0.218,-0.376,44.57,41.28
"2022-04-24 01:30:00",3170,9.47,406,0,-0.323,-1.38,-2.17,-0.123,-0.193,-0.214,-0.379,45.64,41.11
"2022-04-24 02:00:00",3171,9.26,406,0,-0.329,-1.44,-2.17,-0.129,-0.193,-0.22,-0.373,45.05,41.2
"2022-04-24 09:00:00",3172,9.39,406,0,-0.103,0.31,-1.54,0.028,-0.137,-0.035,-0.309,55.8,44.46
"2022-04-24 09:30:00",3173,9.72,406,0,-0.023,0.91,-1.3,0.081,-0.116,-99,-0.279,-99,49.43
"2022-04-24 10:00:00",3174,10.53,406,0,0.061,1.88,-1.41,0.166,-0.125,0.051,-0.314,52.07,44.08
"2022-04-24 10:30:00",3175,11.43,406,0,0.016,1.19,-1.15,0.105,-0.103,-99,-0.263,-99,48.93
"2022-04-24 11:00:00",3176,11.62,406,0,0.017,1.17,-1.12,0.103,-0.1,0.055,-0.262,53.83,50
"2022-04-24 11:30:00",3177,11.63,406,0,0.082,1.78,-1.05,0.157,-0.094,-99,-0.262,-99,48.32
"2022-04-24 12:00:00",3178,11.27,406,0,0.08,1.85,-1.15,0.164,-0.103,0.086,-0.275,53.98,47.92
"2022-04-24 12:30:00",3179,10.97,406,0,0.207,3.56,-1.61,0.315,-0.143,0.033,-0.357,41.65,40.72
"2022-04-24 13:00:00",3180,10.93,406,0,0.192,3.49,-1.71,0.309,-0.152,0.041,-0.37,41.88,40.53
"2022-04-24 13:30:00",3181,10.91,406,0,0.212,3.22,-1.17,0.285,-0.104,-99,-0.316,-99,44.31
"2022-04-24 14:00:00",3182,10.88,406,0,0.017,1.67,-1.67,0.148,-0.149,-0.012,-0.363,43.5,41.58
"2022-04-24 14:30:00",3183,10.86,406,0,-0.011,1.05,-1.31,0.093,-0.116,0.036,-0.297,52.43,45.28
"2022-04-24 15:00:00",3184,10.83,406,0,-0.062,1.04,-1.89,0.092,-0.168,-0.071,-0.384,42.75,39.59
"2022-04-24 15:30:00",3185,10.8,406,0,-0.046,1.15,-1.83,0.101,-0.163,-0.057,-0.369,45.34,40.94
"2022-04-24 16:00:00",3186,10.78,406,0,-0.095,0.65,-1.83,0.057,-0.163,-0.066,-0.367,46.09,39.92
"2022-04-24 16:30:00",3187,10.75,406,0,-0.011,1.17,-1.45,0.103,-0.129,0.01,-0.327,53.33,43.53
"2022-04-24 17:00:00",3188,10.73,406,0,-0.145,0.26,-1.96,0.023,-0.175,-0.103,-0.373,44.62,41.46
"2022-04-24 17:30:00",3189,10.73,406,0,-0.155,0.12,-1.92,0.01,-0.171,-0.132,-0.369,43.14,40.55
"2022-04-24 18:00:00",3190,10.7,406,0,-0.187,-0.16,-1.98,-0.015,-0.176,-0.144,-0.38,42.4,40.64
"2022-04-24 18:30:00",3191,10.68,406,0,-0.219,-0.45,-2.02,-0.041,-0.179,-0.157,-0.386,42.99,39.98
"2022-04-24 19:00:00",3192,10.66,406,0,-0.235,-0.51,-2.13,-0.046,-0.189,-0.177,-0.385,43.17,40.16
"2022-04-24 19:30:00",3193,10.65,406,0,-0.264,-0.86,-2.08,-0.077,-0.185,-0.19,-0.387,42.91,40.31
"2022-04-24 20:00:00",3194,10.62,406,0,-0.3,-1.13,-2.19,-0.101,-0.194,-0.21,-0.389,42.9,40.3
"2022-04-24 20:30:00",3195,10.6,406,0,-0.314,-1.29,-2.17,-0.115,-0.193,-0.217,-0.386,43.1,39.67
"2022-04-24 21:00:00",3196,10.56,406,0,-0.314,-1.26,-2.2,-0.112,-0.196,-0.215,-0.387,42.39,40.88
"2022-04-24 21:30:00",3197,10.55,406,0,-0.329,-1.43,-2.18,-0.127,-0.194,-0.226,-0.388,43.5,40.49
"2022-04-24 22:00:00",3198,10.52,406,0,-0.339,-1.55,-2.16,-0.138,-0.192,-0.24,-0.386,42.63,41.54
"2022-04-24 22:30:00",3199,10.47,406,0,-0.336,-1.52,-2.16,-0.135,-0.192,-0.226,-0.378,43.69,40.67
"2022-04-24 23:00:00",3200,10.42,406,0,-0.316,-1.35,-2.12,-0.121,-0.189,-0.219,-0.378,43.64,40.62
"2022-04-24 23:30:00",3201,10.34,406,0,-0.319,-1.39,-2.11,-0.124,-0.187,-0.227,-0.38,44.2,41.18
"2022-04-25 00:00:00",3202,10.28,406,0,-0.331,-1.51,-2.12,-0.134,-0.189,-0.22,-0.379,44.95,40.1
"2022-04-25 00:30:00",3203,10.19,406,0,-0.335,-1.47,-2.21,-0.131,-0.196,-0.22,-0.381,44.48,40.63
"2022-04-25 01:00:00",3204,10.07,406,0,-0.328,-1.44,-2.16,-0.129,-0.192,-0.224,-0.379,45.21,40.36
"2022-04-25 01:30:00",3205,9.98,406,0,-0.328,-1.48,-2.12,-0.132,-0.188,-0.226,-0.382,44.52,41.49
"2022-04-25 02:00:00",3206,9.86,406,0,-0.327,-1.42,-2.17,-0.126,-0.193,-0.22,-0.382,43.72,41.12
"2022-04-25 02:30:00",3207,9.71,406,0,-0.339,-1.52,-2.2,-0.135,-0.195,-0.226,-0.381,44.4,41.53
"2022-04-25 03:00:00",3208,9.5,406,0,-0.337,-1.51,-2.18,-0.134,-0.194,-0.225,-0.38,43.72,40.7
"2022-04-25 03:30:00",3209,9.28,406,0,-0.326,-1.44,-2.14,-0.129,-0.19,-0.221,-0.38,44.5,40.9
"2022-04-25 09:00:00",3210,9.53,406,0,-0.151,-0.13,-1.6,-0.012,-0.142,-99,-0.305,-99,45.13
"2022-04-25 09:30:00",3211,9.84,406,0,-0.097,0.25,-1.4,0.022,-0.125,-99,-0.286,-99,46.21
"2022-04-25 10:00:00",3212,10.33,406,0,0.006,1.34,-1.43,0.119,-0.128,0.023,-0.314,56.19,44.28
"2022-04-25 10:30:00",3213,11.43,406,0,0.027,1.26,-1.1,0.111,-0.099,-99,-0.257,-99,49.86
"2022-04-25 11:00:00",3214,11.72,406,0,0.003,0.99,-1.08,0.088,-0.097,0.039,-0.256,52.34,49.18
"2022-04-25 11:30:00",3215,11.72,406,0,0.111,1.99,-0.96,0.176,-0.086,-99,-0.243,-99,50.59
"2022-04-25 12:00:00",3216,11.33,406,0,0.107,2,-1.01,0.177,-0.09,0.136,-0.248,62.06,49.52
"2022-04-25 12:30:00",3217,11.1,406,0,-0.031,1.1,-1.6,0.097,-0.143,-0.041,-0.336,41.1,41.98
"2022-04-25 13:00:00",3218,11,406,0,0.183,3.27,-1.56,0.289,-0.139,0.047,-0.355,42,40.5
"2022-04-25 13:30:00",3219,10.98,406,0,0.149,2.7,-1.32,0.239,-0.118,0.111,-0.322,52.16,42.25
"2022-04-25 14:00:00",3220,10.96,406,0,0.023,1.68,-1.62,0.149,-0.145,-0.004,-0.361,44.02,40.44
"2022-04-25 14:30:00",3221,10.93,406,0,-0.12,0.16,-1.57,0.014,-0.14,-0.072,-0.322,42.18,44.72
"2022-04-25 15:00:00",3222,10.91,406,0,-0.01,1.49,-1.79,0.132,-0.16,-0.034,-0.369,43.9,41.47
"2022-04-25 15:30:00",3223,10.89,406,0,-0.103,0.43,-1.67,0.038,-0.148,-0.087,-0.352,44.34,41.75
"2022-04-25 16:00:00",3224,10.86,406,0,-0.089,0.63,-1.74,0.056,-0.155,-0.073,-0.354,45.25,41.15
"2022-04-25 16:30:00",3225,10.86,406,0,0,1.39,-1.56,0.123,-0.139,0.007,-0.337,51.62,43.06
"2022-04-25 17:00:00",3226,10.81,406,0,-0.156,0.16,-1.98,0.014,-0.176,-0.115,-0.375,43.35,40.34
"2022-04-25 17:30:00",3227,10.81,406,0,-0.146,0.15,-1.85,0.013,-0.165,-0.103,-0.364,45.81,41.82
"2022-04-25 18:00:00",3228,10.78,406,0,-0.16,0,-1.85,0,-0.165,-0.124,-0.363,43.32,41.14
"2022-04-25 18:30:00",3229,10.77,406,0,-0.202,-0.31,-1.98,-0.028,-0.176,-0.145,-0.368,43.6,41.01
"2022-04-25 19:00:00",3230,10.76,406,0,-0.234,-0.63,-1.99,-0.057,-0.177,-0.173,-0.376,43.16,40.98
"2022-04-25 19:30:00",3231,10.73,406,0,-0.265,-0.86,-2.09,-0.077,-0.186,-0.19,-0.383,43.37,39.78
"2022-04-25 20:00:00",3232,10.71,406,0,-0.291,-1.09,-2.13,-0.098,-0.189,-0.207,-0.388,42.83,40.91
"2022-04-25 20:30:00",3233,10.69,406,0,-0.315,-1.29,-2.18,-0.115,-0.194,-0.218,-0.389,44.03,40.6
"2022-04-25 21:00:00",3234,10.68,406,0,-0.321,-1.32,-2.21,-0.118,-0.197,-0.221,-0.384,43.74,40.15
"2022-04-25 21:30:00",3235,10.65,406,0,-0.32,-1.31,-2.21,-0.117,-0.197,-0.217,-0.386,44.49,41.21
"2022-04-25 22:00:00",3236,10.65,406,0,-0.333,-1.48,-2.17,-0.132,-0.193,-0.231,-0.381,43.18,40.43
"2022-04-25 22:30:00",3237,10.62,406,0,-0.32,-1.36,-2.16,-0.121,-0.192,-0.221,-0.379,43.62,40.86
"2022-04-25 23:00:00",3238,10.59,406,0,-0.32,-1.38,-2.14,-0.123,-0.19,-0.216,-0.376,44.5,41.9
"2022-04-25 23:30:00",3239,10.55,406,0,-0.327,-1.46,-2.12,-0.13,-0.188,-0.22,-0.377,44.1,40.93
"2022-04-26 00:00:00",3240,10.49,406,0,-0.327,-1.46,-2.13,-0.13,-0.19,-0.221,-0.374,44.39,41.11
"2022-04-26 00:30:00",3241,10.46,406,0,-0.327,-1.42,-2.17,-0.126,-0.193,-0.21,-0.373,44.65,41.89
"2022-04-26 01:00:00",3242,10.41,406,0,-0.325,-1.44,-2.12,-0.128,-0.188,-0.217,-0.373,44.81,41.79
"2022-04-26 01:30:00",3243,10.33,406,0,-0.309,-1.33,-2.06,-0.118,-0.183,-0.202,-0.364,45.14,42.54
"2022-04-26 02:00:00",3244,10.22,406,0,-0.312,-1.38,-2.04,-0.123,-0.182,-0.212,-0.363,45.69,41.69
"2022-04-26 02:30:00",3245,10.14,406,0,-0.311,-1.39,-2.02,-0.124,-0.18,-0.216,-0.367,46.54,41.7
"2022-04-26 03:00:00",3246,10.03,406,0,-0.325,-1.45,-2.11,-0.129,-0.187,-0.214,-0.369,46.01,40.91
"2022-04-26 03:30:00",3247,9.89,406,0,-0.332,-1.52,-2.12,-0.136,-0.188,-0.222,-0.369,45.11,41.41
"2022-04-26 04:00:00",3248,9.78,406,0,-0.326,-1.46,-2.11,-0.13,-0.188,-0.216,-0.376,44.5,40.91
"2022-04-26 04:30:00",3249,9.61,406,0,-0.321,-1.41,-2.11,-0.125,-0.188,-0.212,-0.371,45.75,41.06
"2022-04-26 05:00:00",3250,9.38,406,0,-0.316,-1.42,-2.04,-0.127,-0.181,-0.212,-0.369,46.37,41.69
"2022-04-26 05:30:00",3251,9.14,406,0,-0.328,-1.49,-2.1,-0.133,-0.187,-0.228,-0.368,43.73,40.56
"2022-04-26 09:00:00",3252,9.58,406,0,-0.081,0.51,-1.51,0.045,-0.135,-0.012,-0.304,58.58,46
"2022-04-26 09:30:00",3253,9.91,406,0,0.004,1.12,-1.21,0.099,-0.108,-99,-0.271,-99,47.81
"2022-04-26 10:00:00",3254,10.35,406,0,-0.005,1.21,-1.42,0.107,-0.127,0.019,-0.31,51.4,44.23
"2022-04-26 10:30:00",3255,11.29,406,0,-0.017,0.92,-1.24,0.081,-0.111,-99,-0.275,-99,47.41
"2022-04-26 11:00:00",3256,11.5,406,0,-0.036,0.74,-1.25,0.065,-0.112,-99,-0.267,-99,49.85
"2022-04-26 11:30:00",3257,11.56,406,0,-0.011,1,-1.26,0.088,-0.113,-99,-0.27,-99,48.95
"2022-04-26 12:00:00",3258,11.2,406,0,-0.053,0.61,-1.3,0.054,-0.116,0,-0.272,55.48,48.48
"2022-04-26 12:30:00",3259,11.13,406,0,-0.312,-1.36,-2.06,-0.122,-0.183,-0.203,-0.371,38.47,41.53
"2022-04-26 13:00:00",3260,11.04,406,0,-0.069,1.08,-2.01,0.096,-0.179,-0.108,-0.383,41.18,40.66
"2022-04-26 13:30:00",3261,10.97,406,0,0.08,2.22,-1.57,0.197,-0.14,0.074,-0.349,51.67,41.86
"2022-04-26 14:00:00",3262,10.97,406,0,-0.031,1.25,-1.77,0.111,-0.158,-0.044,-0.364,44.08,40.4
"2022-04-26 14:30:00",3263,10.94,406,0,-0.042,0.86,-1.46,0.076,-0.13,-0.013,-0.324,46.7,43.69
"2022-04-26 15:00:00",3264,10.94,406,0,-0.039,0.82,-1.38,0.073,-0.123,0.009,-0.322,52.37,42.45
"2022-04-26 15:30:00",3265,10.92,406,0,-0.04,1.17,-1.78,0.103,-0.159,-0.061,-0.365,41.93,39.33
"2022-04-26 16:00:00",3266,10.88,406,0,-0.081,0.87,-1.92,0.077,-0.17,-0.083,-0.373,42.54,42.7
"2022-04-26 16:30:00",3267,10.87,406,0,-0.127,0.48,-2.01,0.042,-0.179,-0.111,-0.388,45.39,41.29
"2022-04-26 17:00:00",3268,10.86,406,0,-0.169,0.06,-2.02,0.005,-0.18,-0.115,-0.373,42.75,42.9
"2022-04-26 17:30:00",3269,10.84,406,0,-0.283,-0.97,-2.17,-0.087,-0.193,-0.201,-0.389,41.51,41.25
"2022-04-26 18:00:00",3270,10.81,406,0,-0.295,-1.13,-2.13,-0.101,-0.189,-0.196,-0.387,42.69,42.43
"2022-04-26 18:30:00",3271,10.8,406,0,-0.268,-0.91,-2.06,-0.082,-0.183,-0.19,-0.376,46.49,40.14
"2022-04-26 19:00:00",3272,10.78,406,0,-0.292,-1.15,-2.07,-0.103,-0.184,-0.202,-0.378,43.93,40.91
"2022-04-26 19:30:00",3273,10.77,406,0,-0.321,-1.39,-2.14,-0.124,-0.19,-0.223,-0.378,44.52,40.41
"2022-04-26 20:00:00",3274,10.75,406,0,-0.305,-1.24,-2.12,-0.111,-0.189,-0.21,-0.381,44.83,40.41
"2022-04-26 20:30:00",3275,10.74,406,0,-0.349,-1.64,-2.18,-0.146,-0.193,-0.236,-0.38,43.28,41.51
"2022-04-26 21:00:00",3276,10.7,406,0,-0.327,-1.41,-2.18,-0.126,-0.193,-0.22,-0.376,45.15,40.47
"2022-04-26 21:30:00",3277,10.68,406,0,-0.343,-1.57,-2.19,-0.14,-0.195,-0.227,-0.376,44.49,40.63
"2022-04-26 22:00:00",3278,10.66,406,0,-0.322,-1.41,-2.12,-0.126,-0.188,-0.216,-0.374,44.59,41.16
"2022-04-26 22:30:00",3279,10.65,406,0,-0.333,-1.48,-2.17,-0.132,-0.193,-0.221,-0.373,45.93,40.41
"2022-04-26 23:00:00",3280,10.61,406,0,-0.319,-1.4,-2.1,-0.125,-0.187,-0.22,-0.372,46.35,42.65
"2022-04-26 23:30:00",3281,10.59,406,0,-0.311,-1.34,-2.08,-0.119,-0.185,-0.212,-0.367,45.52,42.34
"2022-04-27 00:00:00",3282,10.53,406,0,-0.317,-1.4,-2.08,-0.125,-0.185,-0.214,-0.364,45.01,41.16
"2022-04-27 00:30:00",3283,10.5,406,0,-0.307,-1.31,-2.07,-0.117,-0.184,-0.2,-0.366,45.43,42.26
"2022-04-27 01:00:00",3284,10.43,406,0,-0.309,-1.33,-2.07,-0.118,-0.184,-0.207,-0.365,47.75,40.73
"2022-04-27 01:30:00",3285,10.39,406,0,-0.312,-1.37,-2.06,-0.122,-0.183,-0.207,-0.365,43.76,42.41
"2022-04-27 02:00:00",3286,10.3,406,0,-0.308,-1.26,-2.13,-0.113,-0.189,-0.205,-0.367,45.48,42.46
"2022-04-27 02:30:00",3287,10.21,406,0,-0.31,-1.26,-2.15,-0.112,-0.191,-0.207,-0.38,46.37,40.28
"2022-04-27 03:00:00",3288,10.1,406,0,-0.298,-1.16,-2.13,-0.103,-0.19,-0.198,-0.372,45.44,41.44
"2022-04-27 03:30:00",3289,9.99,406,0,-0.298,-1.21,-2.07,-0.108,-0.184,-0.205,-0.377,44.16,40.72
"2022-04-27 04:00:00",3290,9.85,406,0,-0.314,-1.29,-2.17,-0.115,-0.193,-0.209,-0.378,46.66,41.56
"2022-04-27 04:30:00",3291,9.71,406,0,-0.314,-1.32,-2.13,-0.118,-0.19,-0.201,-0.373,43.8,40.36
"2022-04-27 05:00:00",3292,9.49,406,0,-0.326,-1.4,-2.18,-0.125,-0.194,-0.212,-0.38,46.06,42.88
"2022-04-27 05:30:00",3293,9.29,406,0,-0.322,-1.4,-2.14,-0.125,-0.19,-0.217,-0.377,45.8,39.28
"2022-04-27 09:00:00",3294,9.22,406,0,-0.029,1.09,-1.56,0.096,-0.139,0,-0.327,50.65,40.54
"2022-04-27 09:30:00",3295,10.02,406,0,-0.05,0.76,-1.44,0.067,-0.129,0.004,-0.303,48.62,45.45
"2022-04-27 10:00:00",3296,10.26,406,0,-0.008,1.08,-1.31,0.096,-0.117,0.034,-0.295,51.09,43.07
"2022-04-27 10:30:00",3297,11.37,406,0,0.164,2.73,-1.18,0.241,-0.105,-99,-0.295,-99,45.6
"2022-04-27 11:00:00",3298,11.65,406,0,0.03,1.41,-1.24,0.125,-0.111,0.054,-0.279,56.71,47.61
"2022-04-27 11:30:00",3299,11.75,406,0,0.077,1.9,-1.24,0.168,-0.11,0.087,-0.283,50.58,43.82
"2022-04-27 12:00:00",3300,11.38,406,0,0.09,1.96,-1.16,0.174,-0.104,0.108,-0.282,59.77,45.11
"2022-04-27 12:30:00",3301,11.28,406,0,-0.159,0,-1.84,0,-0.163,-0.107,-0.355,37.28,40.09
"2022-04-27 13:00:00",3302,11.12,406,0,0.069,2.19,-1.66,0.194,-0.148,0.018,-0.365,42.4,41.73
"2022-04-27 13:30:00",3303,11.07,406,0,0.113,2.58,-1.59,0.228,-0.141,0.063,-0.354,44.24,41.48
"2022-04-27 14:00:00",3304,11.02,406,0,0.084,2.34,-1.66,0.207,-0.148,0.032,-0.365,43.83,41.23
"2022-04-27 14:30:00",3305,11.03,406,0,-0.091,0.4,-1.5,0.035,-0.134,-0.06,-0.318,42.18,42.91
"2022-04-27 15:00:00",3306,10.98,406,0,0.048,1.86,-1.53,0.165,-0.136,0.031,-0.35,45.69,41.16
"2022-04-27 15:30:00",3307,10.97,406,0,0.089,2.31,-1.57,0.204,-0.14,0.051,-0.347,44.09,41.49
"2022-04-27 16:00:00",3308,10.95,406,0,0.043,1.93,-1.67,0.171,-0.149,0.018,-0.349,43.75,43.65
"2022-04-27 16:30:00",3309,10.91,406,0,0.078,1.96,-1.3,0.174,-0.116,0.084,-0.309,51.33,44.3
"2022-04-27 17:00:00",3310,10.89,406,0,-0.044,1.12,-1.77,0.099,-0.158,-0.028,-0.353,45.63,42.45
"2022-04-27 17:30:00",3311,10.88,406,0,-0.068,0.87,-1.76,0.077,-0.157,-0.05,-0.355,46.94,41.01
"2022-04-27 18:00:00",3312,10.86,406,0,-0.101,0.56,-1.8,0.05,-0.16,-0.067,-0.353,47.48,40.56
"2022-04-27 18:30:00",3313,10.85,406,0,-0.118,0.39,-1.8,0.034,-0.16,-0.097,-0.357,46.02,39.51
"2022-04-27 19:00:00",3314,10.83,406,0,-0.173,-0.09,-1.9,-0.009,-0.169,-0.123,-0.366,47.29,40.93
"2022-04-27 19:30:00",3315,10.81,406,0,-0.193,-0.24,-1.96,-0.022,-0.174,-0.139,-0.369,44.64,39.37
"2022-04-27 20:00:00",3316,10.81,406,0,-0.241,-0.7,-1.99,-0.063,-0.177,-0.174,-0.374,43.89,40.71
"2022-04-27 20:30:00",3317,10.77,406,0,-0.274,-0.96,-2.08,-0.086,-0.185,-0.19,-0.376,43.15,40.55
"2022-04-27 21:00:00",3318,10.78,406,0,-0.294,-1.16,-2.08,-0.104,-0.185,-0.205,-0.379,44.26,41.24
"2022-04-27 21:30:00",3319,10.75,406,0,-0.289,-1.04,-2.16,-0.093,-0.192,-0.195,-0.373,41.87,41.77
"2022-04-27 22:00:00",3320,10.72,406,0,-0.292,-1.15,-2.07,-0.103,-0.184,-0.204,-0.371,41.03,41.19
"2022-04-27 22:30:00",3321,10.7,406,0,-0.303,-1.25,-2.08,-0.111,-0.185,-0.209,-0.373,43.24,39.37
"2022-04-27 23:00:00",3322,10.67,406,0,-0.319,-1.41,-2.09,-0.126,-0.186,-0.21,-0.375,43.82,41.06
"2022-04-27 23:30:00",3323,10.66,406,0,-0.312,-1.3,-2.13,-0.116,-0.189,-0.213,-0.377,43.14,42.2
"2022-04-28 00:00:00",3324,10.64,406,0,-0.328,-1.39,-2.22,-0.124,-0.197,-0.212,-0.373,41.68,38.5
"2022-04-28 00:30:00",3325,10.59,406,0,-0.32,-1.4,-2.11,-0.125,-0.187,-0.215,-0.373,45.29,41.01
"2022-04-28 01:00:00",3326,10.55,406,0,-0.317,-1.34,-2.15,-0.12,-0.191,-0.211,-0.371,46.09,40.4
"2022-04-28 01:30:00",3327,10.51,406,0,-0.304,-1.26,-2.09,-0.112,-0.186,-0.19,-0.366,43.64,43.54
"2022-04-28 02:00:00",3328,10.48,406,0,-0.32,-1.38,-2.14,-0.123,-0.19,-0.2,-0.369,45.84,42.4
"2022-04-28 02:30:00",3329,10.39,406,0,-0.318,-1.39,-2.1,-0.124,-0.187,-0.221,-0.372,44.57,40.29
"2022-04-28 03:00:00",3330,10.33,406,0,-0.318,-1.42,-2.07,-0.127,-0.184,-0.214,-0.369,43.89,41.02
"2022-04-28 03:30:00",3331,10.21,406,0,-0.318,-1.45,-2.03,-0.129,-0.181,-0.21,-0.364,41.23,40.97
"2022-04-28 04:00:00",3332,10.12,406,0,-0.302,-1.27,-2.05,-0.113,-0.182,-0.204,-0.373,48.05,42.1
"2022-04-28 04:30:00",3333,9.98,406,0,-0.303,-1.31,-2.02,-0.117,-0.18,-0.192,-0.36,45.69,42.66
"2022-04-28 05:00:00",3334,9.87,406,0,-0.318,-1.36,-2.14,-0.121,-0.19,-0.212,-0.373,53.78,42.55
"2022-04-28 05:30:00",3335,9.72,406,0,-0.319,-1.39,-2.11,-0.124,-0.188,-0.219,-0.374,45.07,39.95
"2022-04-28 06:00:00",3336,9.51,406,0,-0.308,-1.24,-2.15,-0.111,-0.191,-0.209,-0.376,45.1,42.07
"2022-04-28 06:30:00",3337,9.29,406,0,-0.301,-1.28,-2.03,-0.114,-0.181,-0.208,-0.37,42.13,42.03
"2022-04-28 09:00:00",3338,9.42,406,0,-0.204,-0.55,-1.73,-0.05,-0.154,-0.109,-0.326,45.73,45.88
"2022-04-28 09:30:00",3339,10.19,406,0,-0.167,-0.18,-1.73,-0.017,-0.154,-0.092,-0.322,51.6,48.31
"2022-04-28 10:00:00",3340,10.63,406,0,-0.071,0.5,-1.38,0.044,-0.123,-99,-0.297,-99,46.92
"2022-04-28 10:30:00",3341,11.48,406,0,-0.048,0.89,-1.56,0.079,-0.139,0.017,-0.316,64.03,44.16
"2022-04-28 11:00:00",3342,11.32,406,0,-0.052,0.64,-1.32,0.057,-0.118,0.031,-0.278,77.01,50.22
"2022-04-28 11:30:00",3343,11.26,406,0,-0.013,1.02,-1.3,0.09,-0.116,0.059,-0.295,68.64,48.37
"2022-04-28 12:00:00",3344,11.39,406,0,-0.064,0.59,-1.41,0.053,-0.126,-0.008,-0.283,51.51,51.4
"2022-04-28 12:30:00",3345,11.22,406,0,-0.29,-1.1,-2.11,-0.098,-0.188,-0.229,-0.367,40.01,44.07
"2022-04-28 13:00:00",3346,11.09,406,0,-0.106,0.62,-1.92,0.055,-0.17,-0.09,-0.375,42.59,39.31
"2022-04-28 13:30:00",3347,11.06,406,0,0.008,1.58,-1.68,0.14,-0.15,0.016,-0.347,49.02,42.82
"2022-04-28 14:00:00",3348,11.16,406,0,0.137,2.9,-1.68,0.256,-0.149,0.117,-0.35,64.71,40.27
"2022-04-28 14:30:00",3349,11.07,406,0,-0.179,-0.46,-1.55,-0.042,-0.138,-0.108,-0.318,43.63,46.28
"2022-04-28 15:00:00",3350,11.02,406,0,-0.082,0.68,-1.71,0.061,-0.152,-0.086,-0.346,40,44.22
"2022-04-28 15:30:00",3351,10.98,406,0,-0.047,0.96,-1.62,0.085,-0.144,-0.027,-0.34,46.66,40.31
"2022-04-28 16:00:00",3352,10.96,406,0,0.13,2.82,-1.67,0.249,-0.149,0.086,-0.356,47.99,42.31
"2022-04-28 16:30:00",3353,10.95,406,0,-0.002,1.3,-1.49,0.115,-0.133,0.013,-0.329,45.42,45.32
"2022-04-28 17:00:00",3354,10.92,406,0,-0.055,0.99,-1.75,0.087,-0.156,-0.048,-0.351,47.15,39.97
"2022-04-28 17:30:00",3355,10.9,406,0,-0.043,1.05,-1.68,0.093,-0.149,-0.031,-0.349,45.76,42.74
"2022-04-28 18:00:00",3356,10.9,406,0,-0.071,0.79,-1.71,0.07,-0.153,-0.052,-0.35,45.25,42.07
"2022-04-28 18:30:00",3357,10.86,406,0,-0.103,0.52,-1.78,0.046,-0.158,-0.077,-0.356,46.61,41.51
"2022-04-28 19:00:00",3358,10.84,406,0,-0.143,0.19,-1.86,0.017,-0.166,-0.102,-0.357,46.73,41.88
"2022-04-28 19:30:00",3359,10.83,406,0,-0.181,-0.14,-1.93,-0.013,-0.172,-0.136,-0.368,44.02,41
"2022-04-28 20:00:00",3360,10.83,406,0,-0.236,-0.63,-2.01,-0.057,-0.179,-0.166,-0.373,45.47,41.04
"2022-04-28 20:30:00",3361,10.8,406,0,-0.26,-0.86,-2.03,-0.077,-0.181,-0.182,-0.371,43.91,40.73
"2022-04-28 21:00:00",3362,10.79,406,0,-0.261,-0.91,-1.99,-0.081,-0.177,-0.182,-0.364,45.84,42.24
"2022-04-28 21:30:00",3363,10.77,406,0,-0.29,-1.13,-2.07,-0.101,-0.184,-0.204,-0.371,43.72,40.95
"2022-04-28 22:00:00",3364,10.75,406,0,-0.291,-1.12,-2.09,-0.1,-0.186,-0.2,-0.373,44.09,41.48
"2022-04-28 22:30:00",3365,10.73,406,0,-0.318,-1.38,-2.11,-0.123,-0.188,-0.212,-0.377,43.69,40.81
"2022-04-28 23:00:00",3366,10.71,406,0,-0.301,-1.21,-2.11,-0.108,-0.187,-0.204,-0.375,45.21,41.08
"2022-04-28 23:30:00",3367,10.69,406,0,-0.296,-1.2,-2.06,-0.107,-0.184,-0.204,-0.373,45.16,41.14
"2022-04-29 00:00:00",3368,10.65,406,0,-0.298,-1.19,-2.09,-0.106,-0.186,-0.204,-0.37,45.68,41.55
"2022-04-29 00:30:00",3369,10.64,406,0,-0.299,-1.24,-2.05,-0.111,-0.182,-0.197,-0.364,45.52,41.24
"2022-04-29 01:00:00",3370,10.61,406,0,-0.302,-1.23,-2.1,-0.11,-0.187,-0.208,-0.369,43.26,41.22
"2022-04-29 01:30:00",3371,10.57,406,0,-0.317,-1.38,-2.1,-0.123,-0.187,-0.221,-0.371,43.5,41.3
"2022-04-29 02:00:00",3372,10.52,406,0,-0.313,-1.35,-2.09,-0.12,-0.186,-0.215,-0.376,44.07,41.3
"2022-04-29 02:30:00",3373,10.46,406,0,-0.322,-1.41,-2.12,-0.126,-0.188,-0.219,-0.375,45.43,40.73
"2022-04-29 03:00:00",3374,10.37,406,0,-0.316,-1.33,-2.15,-0.118,-0.191,-0.218,-0.376,45.19,41.58
"2022-04-29 03:30:00",3375,10.3,406,0,-0.317,-1.34,-2.14,-0.119,-0.191,-0.213,-0.374,44.61,40.49
"2022-04-29 04:00:00",3376,10.19,406,0,-0.309,-1.33,-2.07,-0.118,-0.184,-0.219,-0.37,44.26,41.23
"2022-04-29 04:30:00",3377,10.05,406,0,-0.316,-1.33,-2.15,-0.118,-0.191,-0.218,-0.377,44.86,41.41
"2022-04-29 05:00:00",3378,9.94,406,0,-0.316,-1.33,-2.14,-0.118,-0.191,-0.209,-0.375,44.33,41.14
"2022-04-29 05:30:00",3379,9.77,406,0,-0.309,-1.26,-2.14,-0.113,-0.19,-0.208,-0.381,44.54,40.93
"2022-04-29 06:00:00",3380,9.56,406,0,-0.307,-1.26,-2.12,-0.112,-0.189,-0.208,-0.373,43.07,40.72
"2022-04-29 06:30:00",3381,9.35,406,0,-0.321,-1.39,-2.14,-0.124,-0.19,-0.214,-0.375,42.87,41.51
"2022-04-29 09:00:00",3382,9.43,406,0,-0.04,0.88,-1.46,0.078,-0.13,0.007,-0.304,57.13,47.43
"2022-04-29 09:30:00",3383,10.11,406,0,-0.095,0.26,-1.39,0.023,-0.124,-0.039,-0.283,52.08,48.64
"2022-04-29 10:00:00",3384,10.07,406,0,0.046,1.63,-1.3,0.145,-0.116,-99,-0.29,-99,45.11
"2022-04-29 10:30:00",3385,11.43,406,0,0.067,1.87,-1.33,0.166,-0.119,0.094,-0.304,61.96,46.03
"2022-04-29 11:00:00",3386,11.59,406,0,0.078,1.78,-1.1,0.158,-0.098,-99,-0.25,-99,49.31
"2022-04-29 11:30:00",3387,11.76,406,0,0.094,1.99,-1.15,0.176,-0.103,-99,-0.271,-99,47.45
"2022-04-29 12:00:00",3388,11.21,406,0,0.057,1.61,-1.15,0.143,-0.102,0.091,-0.263,57.48,48.38
"2022-04-29 12:30:00",3389,11.16,406,0,0.102,2.68,-1.83,0.238,-0.163,-0.071,-0.352,40.1,40.83
"2022-04-29 13:00:00",3390,11.08,406,0,0.068,2.2,-1.69,0.195,-0.15,0.007,-0.373,43.39,40.37
"2022-04-29 13:30:00",3391,11.04,406,0,0.111,2.53,-1.56,0.224,-0.139,0.07,-0.35,47.09,41.32
"2022-04-29 14:00:00",3392,11.12,406,0,0.331,4.59,-1.34,0.407,-0.12,-99,-0.335,-99,42.03
"2022-04-29 14:30:00",3393,11.06,406,0,-0.172,-0.54,-1.38,-0.049,-0.123,-0.081,-0.297,45.71,45.87
"2022-04-29 15:00:00",3394,11.01,406,0,-0.065,0.76,-1.61,0.067,-0.143,-0.059,-0.334,46.22,42.79
"2022-04-29 15:30:00",3395,10.99,406,0,-0.11,0.33,-1.64,0.029,-0.146,-0.069,-0.337,44.2,42.43
"2022-04-29 16:00:00",3396,10.96,406,0,-0.043,1.17,-1.82,0.104,-0.162,-0.077,-0.372,44.32,39.63
"2022-04-29 16:30:00",3397,10.94,406,0,-0.056,0.72,-1.46,0.063,-0.13,-0.012,-0.322,49.83,42.66
"2022-04-29 17:00:00",3398,10.92,406,0,-0.11,0.52,-1.85,0.046,-0.165,-0.077,-0.36,45.36,41.67
"2022-04-29 17:30:00",3399,10.89,406,0,-0.125,0.34,-1.83,0.03,-0.163,-0.092,-0.363,43.38,43.02
"2022-04-29 18:00:00",3400,10.89,406,0,-0.149,0.14,-1.88,0.012,-0.168,-0.104,-0.362,45.82,41.13
"2022-04-29 18:30:00",3401,10.86,406,0,-0.166,-0.04,-1.87,-0.004,-0.166,-0.12,-0.364,44.22,41.35
"2022-04-29 19:00:00",3402,10.85,406,0,-0.203,-0.37,-1.93,-0.034,-0.172,-0.146,-0.364,44.24,41.07
"2022-04-29 19:30:00",3403,10.83,406,0,-0.228,-0.55,-2.01,-0.049,-0.179,-0.165,-0.373,44.38,40.52
"2022-04-29 20:00:00",3404,10.83,406,0,-0.274,-0.95,-2.09,-0.085,-0.186,-0.195,-0.382,42.48,40.44
"2022-04-29 20:30:00",3405,10.81,406,0,-0.295,-1.09,-2.17,-0.098,-0.193,-0.21,-0.386,43.36,39.92
"2022-04-29 21:00:00",3406,10.78,406,0,-0.311,-1.27,-2.16,-0.113,-0.192,-0.214,-0.383,43.39,40.37
"2022-04-29 21:30:00",3407,10.78,406,0,-0.31,-1.26,-2.16,-0.112,-0.192,-0.215,-0.384,42.78,40.59
"2022-04-29 22:00:00",3408,10.76,406,0,-0.309,-1.25,-2.15,-0.111,-0.191,-0.214,-0.379,43.47,41.12
"2022-04-29 22:30:00",3409,10.74,406,0,-0.316,-1.33,-2.14,-0.119,-0.19,-0.217,-0.379,44.46,40.76
"2022-04-29 23:00:00",3410,10.71,406,0,-0.31,-1.31,-2.1,-0.117,-0.187,-0.215,-0.375,44.35,41.32
"2022-04-29 23:30:00",3411,10.69,406,0,-0.322,-1.41,-2.13,-0.126,-0.189,-0.217,-0.376,44.47,41.44
"2022-04-30 00:00:00",3412,10.66,406,0,-0.326,-1.42,-2.16,-0.126,-0.192,-0.217,-0.382,43.48,40.45
"2022-04-30 00:30:00",3413,10.65,406,0,-0.315,-1.32,-2.14,-0.118,-0.191,-0.211,-0.374,44.11,40.92
"2022-04-30 01:00:00",3414,10.61,406,0,-0.327,-1.42,-2.17,-0.127,-0.193,-0.219,-0.378,44.82,40.53
"2022-04-30 01:30:00",3415,10.57,406,0,-0.325,-1.42,-2.15,-0.126,-0.191,-0.221,-0.375,45.11,40.83
"2022-04-30 02:00:00",3416,10.53,406,0,-0.333,-1.54,-2.1,-0.137,-0.187,-0.223,-0.375,43.65,40.2
"2022-04-30 02:30:00",3417,10.47,406,0,-0.32,-1.42,-2.09,-0.127,-0.186,-0.215,-0.372,44.56,41.27
"2022-04-30 03:00:00",3418,10.37,406,0,-0.321,-1.37,-2.16,-0.122,-0.192,-0.201,-0.372,47.69,40.22
"2022-04-30 03:30:00",3419,10.3,406,0,-0.317,-1.39,-2.09,-0.124,-0.186,-0.213,-0.371,44.91,40.63
"2022-04-30 04:00:00",3420,10.2,406,0,-0.303,-1.3,-2.03,-0.116,-0.181,-0.208,-0.363,45.9,41.77
"2022-04-30 04:30:00",3421,10.07,406,0,-0.317,-1.37,-2.11,-0.122,-0.188,-0.208,-0.369,44.07,41.04
"2022-04-30 05:00:00",3422,9.92,406,0,-0.307,-1.29,-2.09,-0.115,-0.186,-0.211,-0.368,44.12,41.35
"2022-04-30 05:30:00",3423,9.77,406,0,-0.309,-1.33,-2.06,-0.118,-0.183,-0.213,-0.372,44.5,40.47
"2022-04-30 06:00:00",3424,9.57,406,0,-0.321,-1.4,-2.12,-0.124,-0.189,-0.214,-0.374,44.85,41.13
"2022-04-30 06:30:00",3425,9.3,406,0,-0.3,-1.22,-2.08,-0.109,-0.185,-0.208,-0.375,43.85,39.99
"2022-04-30 09:00:00",3426,9.45,406,0,-0.077,0.56,-1.52,0.049,-0.136,-0.023,-0.31,49.86,46.67
"2022-04-30 09:30:00",3427,10.16,406,0,-0.02,1,-1.36,0.089,-0.121,-99,-0.276,-99,48.26
"2022-04-30 10:00:00",3428,10.12,406,0,0.056,1.64,-1.2,0.145,-0.108,-99,-0.28,-99,46.4
"2022-04-30 10:30:00",3429,11.39,406,0,0.203,3.1,-1.15,0.274,-0.103,-99,-0.288,-99,45.86
"2022-04-30 11:00:00",3430,11.42,406,0,0.093,1.85,-1.01,0.164,-0.091,-99,-0.242,-99,50.91
"2022-04-30 11:30:00",3431,11.69,406,0,0.147,2.53,-1.15,0.224,-0.103,0.152,-0.27,58.9,48.57
"2022-04-30 12:00:00",3432,11.26,406,0,0.076,1.8,-1.14,0.159,-0.102,0.112,-0.256,57.84,50.68
"2022-04-30 12:30:00",3433,11.12,406,0,-0.134,0.14,-1.71,0.012,-0.152,-0.091,-0.336,39.04,42.42
"2022-04-30 13:00:00",3434,11.06,406,0,0.117,2.49,-1.45,0.22,-0.129,0.066,-0.354,43.83,41.24
"2022-04-30 13:30:00",3435,11.02,406,0,0.113,2.5,-1.51,0.221,-0.134,0.084,-0.346,47.17,42.08
"2022-04-30 14:00:00",3436,11.01,406,0,0.345,4.79,-1.41,0.424,-0.126,-99,-0.344,-99,43.79
"2022-04-30 14:30:00",3437,11.02,406,0,-0.095,0.11,-1.22,0.01,-0.109,-0.033,-0.28,47.69,47.58
"2022-04-30 15:00:00",3438,10.98,406,0,0.09,2.31,-1.56,0.204,-0.139,0.064,-0.339,50.6,43.69
"2022-04-30 15:30:00",3439,10.96,406,0,-0.117,0.28,-1.67,0.025,-0.148,-0.069,-0.345,44.63,41.88
"2022-04-30 16:00:00",3440,10.93,406,0,-0.09,0.77,-1.91,0.069,-0.17,-0.105,-0.375,40.11,40.17
"2022-04-30 16:30:00",3441,10.92,406,0,-0.127,0.25,-1.75,0.022,-0.156,-0.09,-0.354,42.45,42.09
"2022-04-30 17:00:00",3442,10.9,406,0,-0.116,0.44,-1.84,0.039,-0.164,-0.089,-0.361,45.33,41.89
"2022-04-30 17:30:00",3443,10.87,406,0,-0.141,0.24,-1.9,0.022,-0.169,-0.104,-0.366,44.66,41.64
"2022-04-30 18:00:00",3444,10.87,406,0,-0.178,-0.09,-1.95,-0.008,-0.173,-0.12,-0.367,44.87,41.6
"2022-04-30 18:30:00",3445,10.85,406,0,-0.201,-0.33,-1.95,-0.03,-0.174,-0.146,-0.367,45.23,41.8
"2022-04-30 19:00:00",3446,10.83,406,0,-0.219,-0.48,-1.98,-0.043,-0.176,-0.151,-0.367,44.42,41.56
"2022-04-30 19:30:00",3447,10.81,406,0,-0.235,-0.62,-2.01,-0.056,-0.179,-0.175,-0.378,43.08,40.48
"2022-04-30 20:00:00",3448,10.79,406,0,-0.272,-0.9,-2.12,-0.081,-0.188,-0.197,-0.388,43.34,40.16
"2022-04-30 20:30:00",3449,10.78,406,0,-0.293,-1.13,-2.11,-0.101,-0.187,-0.209,-0.381,42.94,40.91
"2022-04-30 21:00:00",3450,10.76,406,0,-0.305,-1.27,-2.09,-0.114,-0.186,-0.216,-0.379,42.59,40.25
"2022-04-30 21:30:00",3451,10.75,406,0,-0.305,-1.22,-2.14,-0.109,-0.191,-0.208,-0.378,44.79,40.52
"2022-04-30 22:00:00",3452,10.72,406,0,-0.311,-1.3,-2.12,-0.116,-0.188,-0.215,-0.382,43.51,40.48
"2022-04-30 22:30:00",3453,10.71,406,0,-0.336,-1.47,-2.22,-0.131,-0.197,-0.225,-0.383,44.15,40.29
"2022-04-30 23:00:00",3454,10.67,406,0,-0.324,-1.39,-2.17,-0.124,-0.193,-0.219,-0.381,43.94,40.07
"2022-04-30 23:30:00",3455,10.64,406,0,-0.329,-1.49,-2.12,-0.132,-0.188,-0.223,-0.375,44.83,41.54
"2022-05-01 00:00:00",3456,10.61,406,0,-0.333,-1.47,-2.18,-0.131,-0.194,-0.223,-0.378,44.62,41.17
"2022-05-01 00:30:00",3457,10.6,406,0,-0.33,-1.47,-2.15,-0.131,-0.191,-0.224,-0.378,44.37,41.5
"2022-05-01 01:00:00",3458,10.55,406,0,-0.327,-1.42,-2.17,-0.127,-0.193,-0.221,-0.377,43.38,40.61
"2022-05-01 01:30:00",3459,10.5,406,0,-0.322,-1.4,-2.13,-0.125,-0.19,-0.217,-0.373,44.87,40.58
"2022-05-01 02:00:00",3460,10.42,406,0,-0.328,-1.48,-2.11,-0.132,-0.188,-0.221,-0.372,45.43,40.99
"2022-05-01 02:30:00",3461,10.36,406,0,-0.325,-1.46,-2.1,-0.13,-0.186,-0.221,-0.371,43.72,40.84
"2022-05-01 03:00:00",3462,10.27,406,0,-0.321,-1.43,-2.09,-0.127,-0.186,-0.22,-0.37,45.26,40.98
"2022-05-01 03:30:00",3463,10.16,406,0,-0.329,-1.48,-2.13,-0.132,-0.189,-0.215,-0.37,46.05,41.51
"2022-05-01 04:00:00",3464,10.03,406,0,-0.327,-1.49,-2.09,-0.133,-0.186,-0.218,-0.366,44.78,41.33
"2022-05-01 04:30:00",3465,9.92,406,0,-0.334,-1.49,-2.17,-0.133,-0.193,-0.225,-0.371,44.43,41.66
"2022-05-01 05:00:00",3466,9.75,406,0,-0.318,-1.4,-2.09,-0.125,-0.186,-0.218,-0.372,45.09,40.4
"2022-05-01 05:30:00",3467,9.57,406,0,-0.319,-1.43,-2.07,-0.128,-0.184,-0.216,-0.369,47.18,41.23
"2022-05-01 06:00:00",3468,9.38,406,0,-0.322,-1.4,-2.13,-0.124,-0.19,-0.213,-0.371,45.41,41.55
"2022-05-01 06:30:00",3469,9.15,406,0,-0.313,-1.29,-2.16,-0.115,-0.192,-0.201,-0.365,46.46,42.17
"2022-05-01 12:30:00",3470,9.39,406,0,0.114,2.07,-1.01,0.183,-0.09,-99,-0.264,-99,46.52
"2022-05-01 13:00:00",3471,9.44,406,0,0.089,1.88,-1.08,0.167,-0.097,0.1,-0.265,50.66,47.39
"2022-05-01 13:30:00",3472,9.39,406,0,0.07,1.77,-1.18,0.157,-0.105,0.078,-0.282,48.67,46.75
"2022-05-01 14:00:00",3473,9.24,406,0,0.085,2.05,-1.32,0.181,-0.117,0.066,-0.304,50.26,43.91
"2022-05-01 14:30:00",3474,9.14,406,0,0.039,1.15,-0.84,0.101,-0.075,-99,-0.223,-99,51.56
"2022-05-02 12:00:00",3475,9.68,406,0,-0.004,0.88,-1.04,0.078,-0.093,-99,-99,-99,-99
"2022-05-02 12:30:00",3476,9.69,406,0,-0.019,1.2,-1.57,0.106,-0.14,-0.052,-0.299,43.88,46.26
"2022-05-02 13:00:00",3477,9.4,406,0,0.114,2.54,-1.54,0.224,-0.137,0.073,-0.351,47.61,42.94
"2022-05-02 13:30:00",3478,9.25,406,0,0.032,1.6,-1.43,0.142,-0.127,0.039,-0.338,47.14,41.07
"2022-05-02 14:30:00",3479,9.06,406,0,-0.047,0.42,-1.02,0.037,-0.091,-99,-0.229,61.33,54.18
"2022-05-03 10:00:00",3480,9.32,406,0,-0.061,0.39,-1.15,0.035,-0.103,-99,-0.262,-99,48.71
"2022-05-03 10:30:00",3481,10.19,406,0,0.076,1.97,-1.33,0.174,-0.119,-99,-0.302,-99,45.25
"2022-05-03 11:00:00",3482,10.91,406,0,0.079,1.7,-1,0.151,-0.089,-99,-0.242,-99,51.96
"2022-05-03 11:30:00",3483,11.43,406,0,0.092,1.98,-1.16,0.175,-0.104,0.124,-0.269,59.1,49.2
"2022-05-03 12:00:00",3484,10.92,406,0,0.061,1.67,-1.17,0.147,-0.104,0.1,-0.267,55.25,47.68
"2022-05-03 12:30:00",3485,10.84,406,0,0.037,1.76,-1.55,0.156,-0.139,-0.017,-0.318,42.99,43.56
"2022-05-03 13:00:00",3486,10.67,406,0,0.226,3.65,-1.5,0.323,-0.134,0.123,-0.358,48.01,42.92
"2022-05-03 13:30:00",3487,10.67,406,0,0.144,2.78,-1.46,0.246,-0.13,0.101,-0.348,46.27,42.42
"2022-05-03 14:00:00",3488,10.62,406,0,0.304,4.26,-1.29,0.377,-0.115,-99,-0.334,-99,43.13
"2022-05-03 14:30:00",3489,10.61,406,0,0.057,1.57,-1.11,0.139,-0.099,0.099,-0.281,54.55,44.49
"2022-05-03 15:00:00",3490,10.53,406,0,0.134,2.85,-1.66,0.252,-0.148,0.033,-0.375,44.1,40.93
"2022-05-03 15:30:00",3491,10.48,406,0,0.044,1.84,-1.56,0.163,-0.139,0.065,-0.326,55.35,43.21
"2022-05-03 16:00:00",3492,10.43,406,0,-0.09,0.84,-1.98,0.075,-0.176,-0.113,-0.378,41.61,41.92
"2022-05-03 16:30:00",3493,10.34,406,0,-0.168,0,-1.94,0,-0.173,-0.132,-0.374,43.07,39.49
"2022-05-03 17:00:00",3494,10.28,406,0,-0.16,0.13,-1.99,0.011,-0.177,-0.125,-0.383,43.32,40.31
"2022-05-03 17:30:00",3495,10.19,406,0,-0.202,-0.31,-1.98,-0.028,-0.176,-0.147,-0.374,42.65,40.05
"2022-05-03 18:00:00",3496,10.08,406,0,-0.214,-0.38,-2.04,-0.034,-0.182,-0.164,-0.375,42.85,39.84
"2022-05-03 18:30:00",3497,9.95,406,0,-0.272,-0.95,-2.07,-0.085,-0.184,-0.194,-0.38,43.13,40.27
"2022-05-03 19:00:00",3498,9.82,406,0,-0.289,-1.03,-2.17,-0.092,-0.193,-0.2,-0.385,42.73,39.45
"2022-05-03 19:30:00",3499,9.63,406,0,-0.299,-1.07,-2.24,-0.095,-0.199,-0.213,-0.387,43.35,40.76
"2022-05-03 20:00:00",3500,9.47,406,0,-0.34,-1.42,-2.32,-0.127,-0.206,-0.234,-0.401,41.31,40.22
"2022-05-03 20:30:00",3501,9.23,406,0,-0.321,-1.3,-2.24,-0.116,-0.199,-0.221,-0.394,43.55,40.27
"2022-05-04 11:00:00",3502,9.57,406,0,0.078,1.91,-1.24,0.169,-0.11,-99,-0.27,-99,49.49
"2022-05-04 11:30:00",3503,10.29,406,0,-0.164,-0.46,-1.38,-0.042,-0.123,-0.067,-0.27,49.28,48.76
"2022-05-04 12:00:00",3504,10.34,406,0,-0.178,-0.39,-1.61,-0.035,-0.143,-0.113,-0.317,43.08,44.22
"2022-05-04 12:30:00",3505,10.24,406,0,-0.162,0,-1.87,0,-0.166,-0.129,-0.353,42.84,42.89
"2022-05-04 13:00:00",3506,10.14,406,0,-0.094,0.46,-1.6,0.041,-0.143,-0.04,-0.325,48.13,43.46
"2022-05-04 13:30:00",3507,10.05,406,0,0.059,1.91,-1.46,0.169,-0.13,0.069,-0.324,54.74,42.43
"2022-05-04 14:00:00",3508,9.95,406,0,0.098,2.15,-1.29,0.19,-0.115,-99,-0.302,-99,44.26
"2022-05-04 14:30:00",3509,9.99,406,0,-0.213,-0.84,-1.51,-0.075,-0.135,-0.113,-0.303,44.3,45.03
"2022-05-04 15:00:00",3510,9.73,406,0,-0.042,1.11,-1.74,0.098,-0.155,-0.034,-0.359,45.79,42.36
"2022-05-04 15:30:00",3511,9.53,406,0,-0.036,0.94,-1.48,0.083,-0.132,-99,-0.308,-99,44.83
"2022-05-05 11:00:00",3512,9.8,406,0,0.237,3.26,-0.93,0.288,-0.083,-99,-0.257,-99,48.11
"2022-05-06 11:30:00",3513,9.99,406,0,0.009,0.98,-0.99,0.087,-0.088,-99,-0.243,-99,50.44
"2022-05-09 11:30:00",3514,10.19,406,0,0.161,2.43,-0.87,0.215,-0.078,-99,-0.22,-99,52.11
"2022-05-09 12:00:00",3515,10.28,406,0,0.101,1.88,-0.95,0.166,-0.085,0.128,-0.221,51.15,51.46
"2022-05-09 12:30:00",3516,9.99,406,0,0.064,1.69,-1.16,0.149,-0.104,0.1,-0.264,51.41,50.73
"2022-05-09 13:00:00",3517,9.59,406,0,0.574,7.46,-1.77,0.66,-0.158,0.056,-0.383,37.22,37.79
"2022-05-09 13:30:00",3518,9.61,406,0,0.001,0.98,-1.09,0.087,-0.097,0.041,-0.267,46.76,46.81
"2022-05-09 14:00:00",3519,9.65,406,0,0.206,2.84,-0.82,0.251,-0.073,-99,-0.269,-99,45.93
"2022-05-09 14:30:00",3520,9.6,406,0,-0.127,-0.23,-1.21,-0.021,-0.108,-0.032,-0.285,41.82,41.87
"2022-05-10 10:30:00",3521,9.71,406,0,0.069,1.9,-1.34,0.168,-0.12,0.077,-0.303,59.8,44.28
"2022-05-10 11:00:00",3522,10.73,406,0,0.011,1.17,-1.18,0.104,-0.105,0.074,-0.266,62.85,47.61
"2022-05-10 11:30:00",3523,10.72,406,0,-0.009,1.17,-1.43,0.104,-0.128,0.031,-0.292,58.74,43.92
"2022-05-10 12:00:00",3524,10.87,406,0,0.07,1.87,-1.29,0.165,-0.115,0.095,-0.294,58.51,46.34
"2022-05-10 12:30:00",3525,10.6,406,0,-0.142,-0.12,-1.5,-0.011,-0.134,-0.105,-0.309,40.88,48.42
"2022-05-10 13:00:00",3526,10.53,406,0,-0.016,1.33,-1.68,0.118,-0.15,-0.018,-0.337,40.34,40.4
"2022-05-10 13:30:00",3527,10.4,406,0,0,1.44,-1.63,0.127,-0.145,0.008,-0.344,44.88,42.02
"2022-05-10 14:00:00",3528,10.32,406,0,-0.003,1.46,-1.68,0.129,-0.149,-0.009,-0.349,45.24,40.56
"2022-05-10 14:30:00",3529,10.32,406,0,-0.024,1.23,-1.66,0.109,-0.148,-0.026,-0.342,45.67,43.64
"2022-05-10 15:00:00",3530,10.23,406,0,-0.006,1.38,-1.63,0.122,-0.145,-0.004,-0.346,50.88,39.38
"2022-05-10 15:30:00",3531,10.02,406,0,-0.026,1.02,-1.45,0.091,-0.129,0.016,-0.314,48.26,48
"2022-05-10 16:00:00",3532,9.95,406,0,0.014,1.62,-1.65,0.143,-0.147,0.019,-0.339,44.16,44.21
"2022-05-10 16:30:00",3533,9.75,406,0,-0.034,1.21,-1.76,0.107,-0.156,-0.005,-0.351,47.45,47.34
"2022-05-10 17:00:00",3534,9.57,406,0,-0.048,0.96,-1.64,0.085,-0.146,-0.02,-0.336,50.39,39.73
"2022-05-11 10:30:00",3535,9.79,406,0,0.023,1.34,-1.24,0.119,-0.111,0.056,-0.288,58.99,43.74
"2022-05-11 11:00:00",3536,10.44,406,0,-0.044,0.55,-1.13,0.049,-0.101,0.027,-0.261,57.99,45.99
"2022-05-11 11:30:00",3537,10,406,0,0.011,1.46,-1.51,0.129,-0.134,0.022,-0.319,47.27,42.59
"2022-05-11 12:00:00",3538,9.83,406,0,-0.011,1.22,-1.5,0.108,-0.134,-0.015,-0.322,49.57,42.54
"2022-05-11 12:30:00",3539,9.46,406,0,0.001,1.43,-1.59,0.127,-0.142,-0.011,-0.336,47.18,41.66
"2022-12-19 16:30:00",3540,12.41,406,0,-0.255,-0.89,-1.94,-0.08,-0.173,-0.17,-0.345,45.12,41.52
"2022-12-19 17:00:00",3541,12.39,406,0,-0.281,-1.14,-1.96,-0.101,-0.174,-0.191,-0.345,46.4,41.7
"2022-12-19 17:30:00",3542,12.37,406,0,-0.295,-1.27,-1.97,-0.113,-0.176,-0.198,-0.347,45.28,41.68
"2022-12-19 18:00:00",3543,12.36,406,0,-0.301,-1.31,-2,-0.117,-0.178,-0.198,-0.347,46.23,41.8
"2022-12-19 18:30:00",3544,12.35,406,0,-0.301,-1.35,-1.95,-0.12,-0.174,-0.204,-0.344,45.52,42.23
"2022-12-19 19:00:00",3545,12.34,406,0,-0.31,-1.37,-2.03,-0.123,-0.18,-0.206,-0.345,46.14,42.69
"2022-12-19 19:30:00",3546,12.33,406,0,-0.307,-1.37,-2,-0.122,-0.177,-0.206,-0.349,44.85,41.82
"2022-12-19 20:00:00",3547,12.32,406,0,-0.307,-1.36,-2.01,-0.121,-0.178,-0.2,-0.346,45.78,41.65
"2022-12-19 20:30:00",3548,12.32,406,0,-0.303,-1.33,-2,-0.119,-0.178,-0.197,-0.346,43.13,42.61
"2022-12-19 21:00:00",3549,12.31,406,0,-0.307,-1.38,-1.99,-0.123,-0.177,-0.203,-0.347,45.71,42.52
"2022-12-19 21:30:00",3550,12.31,406,0,-0.312,-1.41,-2.01,-0.126,-0.179,-0.205,-0.348,46.59,41.32
"2022-12-19 22:00:00",3551,12.31,406,0,-0.305,-1.36,-1.99,-0.121,-0.177,-0.202,-0.346,45.95,41.25
"2022-12-19 22:30:00",3552,12.3,406,0,-0.31,-1.39,-2.01,-0.124,-0.179,-0.207,-0.345,45.89,42.29
"2022-12-19 23:00:00",3553,12.3,406,0,-0.313,-1.38,-2.05,-0.123,-0.182,-0.206,-0.346,45.66,41.53
"2022-12-19 23:30:00",3554,12.3,406,0,-0.312,-1.42,-2,-0.127,-0.178,-0.208,-0.347,45.52,42.75
"2022-12-20 00:00:00",3555,12.29,406,0,-0.309,-1.41,-1.98,-0.126,-0.177,-0.204,-0.346,46.36,41.81
"2022-12-20 00:30:00",3556,12.29,406,0,-0.305,-1.38,-1.96,-0.123,-0.174,-0.205,-0.342,47.86,41.9
"2022-12-20 01:00:00",3557,12.29,406,0,-0.302,-1.37,-1.94,-0.122,-0.173,-0.201,-0.342,45.95,40.82
"2022-12-20 01:30:00",3558,12.29,406,0,-0.306,-1.37,-1.99,-0.122,-0.177,-0.203,-0.345,46.18,42.47
"2022-12-20 02:00:00",3559,12.29,406,0,-0.308,-1.39,-1.99,-0.124,-0.177,-0.205,-0.341,45.61,42
"2022-12-20 02:30:00",3560,12.29,406,0,-0.306,-1.42,-1.93,-0.127,-0.172,-0.205,-0.342,46.39,42.26
"2022-12-20 03:00:00",3561,12.28,406,0,-0.306,-1.39,-1.96,-0.124,-0.174,-0.205,-0.342,46.89,42.03
"2022-12-20 03:30:00",3562,12.28,406,0,-0.306,-1.42,-1.93,-0.127,-0.172,-0.207,-0.343,45.31,42.02
"2022-12-20 04:00:00",3563,12.28,406,0,-0.302,-1.36,-1.95,-0.121,-0.173,-0.202,-0.341,46.3,42.85
"2022-12-20 04:30:00",3564,12.28,406,0,-0.311,-1.43,-1.98,-0.128,-0.176,-0.203,-0.343,45.26,42.38
"2022-12-20 05:00:00",3565,12.28,406,0,-0.307,-1.39,-1.97,-0.124,-0.175,-0.199,-0.342,45.29,42.26
"2022-12-20 05:30:00",3566,12.28,406,0,-0.31,-1.4,-2,-0.125,-0.178,-0.205,-0.341,44.91,42.3
"2022-12-20 06:00:00",3567,12.28,406,0,-0.307,-1.39,-1.97,-0.124,-0.175,-0.2,-0.342,45.32,42.13
"2022-12-20 06:30:00",3568,12.28,406,0,-0.335,-1.66,-1.99,-0.147,-0.177,-0.238,-0.34,43.75,41.55
"2022-12-20 07:00:00",3569,12.28,406,0,-0.362,-2.06,-1.86,-0.183,-0.165,-0.282,-0.332,40.38,42.52
"2022-12-20 07:30:00",3570,12.28,406,0,-0.364,-1.96,-1.99,-0.174,-0.177,-0.277,-0.343,42.5,42.13
"2022-12-20 08:00:00",3571,12.28,406,0,-0.352,-1.86,-1.96,-0.165,-0.175,-0.263,-0.342,42.91,43.06
"2022-12-20 08:30:00",3572,12.28,406,0,-0.316,-1.52,-1.93,-0.135,-0.172,-0.233,-0.341,43.96,42.02
"2022-12-20 09:00:00",3573,12.27,406,0,-0.293,-1.33,-1.88,-0.118,-0.167,-0.224,-0.337,42.37,41.85
"2022-12-20 09:30:00",3574,12.28,406,0,-0.253,-1,-1.79,-0.09,-0.159,-0.224,-0.334,39.22,42.46
"2022-12-20 10:00:00",3575,12.28,406,0,-0.249,-0.93,-1.82,-0.084,-0.162,-0.198,-0.333,41.09,41.98
"2022-12-20 10:30:00",3576,12.41,406,0,-0.269,-1.07,-1.9,-0.096,-0.169,-0.181,-0.333,44.11,43.59
"2022-12-20 11:00:00",3577,12.33,406,0,-0.16,-0.17,-1.65,-0.016,-0.147,-0.091,-0.317,56.77,42.89
"2022-12-20 11:30:00",3578,12.37,406,0,-0.241,-0.86,-1.81,-0.077,-0.161,-0.132,-0.315,53.16,43.04
"2022-12-20 12:00:00",3579,12.36,406,0,-0.093,0.23,-1.34,0.021,-0.12,-99,-0.279,-99,46.68
"2022-12-20 12:30:00",3580,12.35,406,0,-0.161,-0.45,-1.35,-0.041,-0.12,-99,-0.277,-99,47.87
"2022-12-20 13:00:00",3581,12.36,406,0,-0.271,-1.01,-1.99,-0.091,-0.177,-0.188,-0.351,44.92,41.89
"2022-12-20 13:30:00",3582,12.56,406,0,-0.303,-1.53,-1.77,-0.136,-0.158,-0.177,-0.314,47.41,44.23
"2022-12-20 14:00:00",3583,12.43,406,0,-0.243,-0.77,-1.94,-0.069,-0.173,-0.167,-0.344,46.58,42.3
"2022-12-20 14:30:00",3584,12.35,406,0,-0.262,-0.93,-1.97,-0.083,-0.175,-0.173,-0.347,46.48,41.37
"2022-12-20 15:00:00",3585,12.32,406,0,-0.255,-0.89,-1.94,-0.079,-0.173,-0.167,-0.345,45.7,42.51
"2022-12-20 15:30:00",3586,12.31,406,0,-0.253,-0.89,-1.91,-0.079,-0.17,-0.172,-0.342,46.49,41.22
"2022-12-20 16:00:00",3587,12.3,406,0,-0.261,-0.97,-1.92,-0.087,-0.171,-0.174,-0.337,45.97,42.94
"2022-12-20 16:30:00",3588,12.31,406,0,-0.281,-1.15,-1.94,-0.102,-0.173,-0.187,-0.346,45.08,41.48
"2022-12-20 17:00:00",3589,12.3,406,0,-0.301,-1.32,-1.98,-0.117,-0.176,-0.198,-0.347,45.1,41.49
"2022-12-20 17:30:00",3590,12.3,406,0,-0.311,-1.38,-2.03,-0.123,-0.18,-0.206,-0.349,45.18,41.73
"2022-12-20 18:00:00",3591,12.29,406,0,-0.308,-1.36,-2.02,-0.121,-0.18,-0.205,-0.347,45.18,42.15
"2022-12-20 18:30:00",3592,12.29,406,0,-0.309,-1.38,-2.01,-0.123,-0.179,-0.205,-0.347,46.49,41.37
"2022-12-20 19:00:00",3593,12.28,406,0,-0.307,-1.39,-1.97,-0.124,-0.175,-0.205,-0.344,45.13,41.84
"2022-12-20 19:30:00",3594,12.28,406,0,-0.305,-1.38,-1.96,-0.123,-0.174,-0.205,-0.344,45.57,41.96
"2022-12-20 20:00:00",3595,12.28,406,0,-0.309,-1.38,-2.01,-0.123,-0.179,-0.205,-0.345,44.36,42.01
"2022-12-20 20:30:00",3596,12.28,406,0,-0.312,-1.41,-2.01,-0.125,-0.179,-0.207,-0.346,45.3,41.85
"2022-12-20 21:00:00",3597,12.27,406,0,-0.314,-1.43,-2.01,-0.128,-0.179,-0.209,-0.347,44.75,42.13
"2022-12-20 21:30:00",3598,12.27,406,0,-0.31,-1.41,-1.99,-0.126,-0.177,-0.202,-0.345,45.81,42.09
"2022-12-20 22:00:00",3599,12.27,406,0,-0.307,-1.41,-1.95,-0.126,-0.174,-0.208,-0.342,44.58,41.97
"2022-12-20 22:30:00",3600,12.27,406,0,-0.309,-1.4,-1.99,-0.125,-0.177,-0.207,-0.346,45.96,41.67
"2022-12-20 23:00:00",3601,12.27,406,0,-0.312,-1.43,-1.99,-0.128,-0.177,-0.208,-0.345,46.66,42.11
"2022-12-20 23:30:00",3602,12.26,406,0,-0.308,-1.39,-1.99,-0.124,-0.177,-0.209,-0.345,45.36,41.49
"2022-12-21 00:00:00",3603,12.26,406,0,-0.316,-1.46,-2,-0.13,-0.178,-0.207,-0.345,46.13,41.42
"2022-12-21 00:30:00",3604,12.25,406,0,-0.31,-1.42,-1.98,-0.127,-0.176,-0.207,-0.344,45.25,42.21
"2022-12-21 01:00:00",3605,12.25,406,0,-0.314,-1.47,-1.96,-0.131,-0.174,-0.21,-0.346,45.92,41.47
"2022-12-21 01:30:00",3606,12.25,406,0,-0.313,-1.44,-1.99,-0.128,-0.177,-0.21,-0.348,44.87,41.42
"2022-12-21 02:00:00",3607,12.25,406,0,-0.309,-1.39,-2,-0.124,-0.178,-0.207,-0.345,45.1,41.9
"2022-12-21 02:30:00",3608,12.25,406,0,-0.318,-1.5,-1.98,-0.134,-0.176,-0.216,-0.346,44.4,41.78
"2022-12-21 03:00:00",3609,12.25,406,0,-0.409,-2.45,-1.96,-0.218,-0.174,-0.314,-0.334,41.11,42
"2022-12-21 03:30:00",3610,12.24,406,0,-0.361,-1.98,-1.93,-0.177,-0.172,-0.274,-0.337,41.88,42.46
"2022-12-21 04:00:00",3611,12.24,406,0,-0.393,-2.15,-2.11,-0.191,-0.187,-0.28,-0.347,43.05,41.01
"2022-12-21 04:30:00",3612,12.24,406,0,-0.439,-2.17,-2.61,-0.193,-0.231,-0.286,-0.402,43.24,39.79
"2022-12-21 05:00:00",3613,12.24,406,0,-0.349,-1.87,-1.92,-0.167,-0.171,-0.261,-0.358,43.82,39.95
"2022-12-21 05:30:00",3614,12.24,406,0,-0.344,-1.76,-1.99,-0.157,-0.177,-0.274,-0.372,40.22,37.34
"2022-12-21 06:00:00",3615,12.24,406,0,-0.366,-2.27,-1.67,-0.202,-0.149,-0.298,-0.358,37.92,37.39
"2022-12-21 06:30:00",3616,12.23,406,0,-0.401,-2.49,-1.82,-0.221,-0.162,-0.326,-0.366,38.97,37.35
"2022-12-21 07:00:00",3617,12.23,406,0,-0.295,-1.42,-1.8,-0.127,-0.161,-0.256,-0.371,35.46,36.61
"2022-12-21 07:30:00",3618,12.23,406,0,-0.466,-2.82,-2.2,-0.251,-0.196,-0.332,-0.395,35.4,36.13
"2022-12-21 08:00:00",3619,12.23,406,0,-0.259,-1.12,-1.73,-0.1,-0.154,-0.242,-0.382,37.34,35.98
"2022-12-21 08:30:00",3620,12.23,406,0,-0.293,-1.42,-1.78,-0.126,-0.158,-0.255,-0.379,38.01,35.81
"2022-12-21 09:00:00",3621,12.23,406,0,-0.24,-1.04,-1.6,-0.093,-0.142,-0.262,-0.382,35.48,35.95
"2022-12-21 09:30:00",3622,12.23,406,0,-0.294,-1.43,-1.78,-0.127,-0.159,-0.323,-0.397,32.6,35.42
"2022-12-21 10:00:00",3623,12.23,406,0,-0.265,-1.21,-1.7,-0.108,-0.151,-0.381,-0.405,27.99,34.57
"2022-12-21 10:30:00",3624,12.33,406,0,-0.331,-1.52,-2.1,-0.135,-0.187,-0.268,-0.418,29.44,34.61
"2022-12-21 11:00:00",3625,12.26,406,0,0.03,1.86,-1.74,0.164,-0.155,-0.073,-0.375,38.38,37.59
"2022-12-21 11:30:00",3626,12.31,406,0,-0.124,0.08,-1.52,0.007,-0.136,-0.107,-0.326,49.1,41.9
"2022-12-21 12:00:00",3627,12.31,406,0,0,1,-1.12,0.089,-0.1,-99,-0.274,-99,46.21
"2022-12-21 12:30:00",3628,12.29,406,0,-0.073,0.39,-1.29,0.035,-0.115,-99,-0.246,-99,51.35
"2022-12-21 13:00:00",3629,12.32,406,0,-0.231,-0.56,-2.03,-0.051,-0.181,-0.168,-0.354,43.19,43.24
"2022-12-21 13:30:00",3630,12.47,406,0,-0.243,-0.93,-1.76,-0.083,-0.157,-0.116,-0.301,56.32,45.62
"2022-12-21 14:00:00",3631,12.38,406,0,-0.207,-0.51,-1.81,-0.046,-0.161,-0.147,-0.339,45.51,42.48
"2022-12-21 14:30:00",3632,12.32,406,0,-0.228,-0.65,-1.9,-0.058,-0.169,-0.155,-0.343,45.11,42.34
"2022-12-21 15:00:00",3633,12.29,406,0,-0.224,-0.58,-1.93,-0.053,-0.172,-0.149,-0.345,46.25,41.98
"2022-12-21 15:30:00",3634,12.28,406,0,-0.232,-0.7,-1.89,-0.063,-0.168,-0.155,-0.337,46.45,42.33
"2022-12-21 16:00:00",3635,12.27,406,0,-0.241,-0.77,-1.91,-0.069,-0.17,-0.163,-0.337,45.38,42.77
"2022-12-21 16:30:00",3636,12.27,406,0,-0.259,-0.92,-1.95,-0.082,-0.173,-0.173,-0.341,45.45,42.42
"2022-12-21 17:00:00",3637,12.27,406,0,-0.271,-1.03,-1.96,-0.092,-0.175,-0.187,-0.349,44,41.81
"2022-12-21 17:30:00",3638,12.26,406,0,-0.289,-1.18,-2,-0.106,-0.178,-0.193,-0.348,44.65,42.04
"2022-12-21 18:00:00",3639,12.26,406,0,-0.304,-1.31,-2.03,-0.117,-0.181,-0.201,-0.351,44.78,41.07
"2022-12-21 18:30:00",3640,12.26,406,0,-0.299,-1.3,-1.98,-0.116,-0.176,-0.2,-0.349,44.66,42.05
"2022-12-21 19:00:00",3641,12.25,406,0,-0.304,-1.34,-2,-0.12,-0.178,-0.201,-0.349,44.46,41.85
"2022-12-21 19:30:00",3642,12.24,406,0,-0.306,-1.36,-2,-0.122,-0.178,-0.202,-0.346,45.09,42.22
"2022-12-21 20:00:00",3643,12.24,406,0,-0.307,-1.39,-1.98,-0.124,-0.176,-0.205,-0.346,45.35,42.47
"2022-12-21 20:30:00",3644,12.24,406,0,-0.304,-1.36,-1.97,-0.121,-0.175,-0.205,-0.346,45.52,42.33
"2022-12-21 21:00:00",3645,12.23,406,0,-0.301,-1.36,-1.94,-0.121,-0.173,-0.202,-0.342,45.56,41.7
"2022-12-21 21:30:00",3646,12.23,406,0,-0.313,-1.43,-2,-0.127,-0.178,-0.211,-0.347,44.37,41.6
"2022-12-21 22:00:00",3647,12.23,406,0,-0.308,-1.4,-1.98,-0.124,-0.176,-0.204,-0.346,46.1,41.66
"2022-12-21 22:30:00",3648,12.22,406,0,-0.305,-1.38,-1.96,-0.123,-0.174,-0.205,-0.343,45.17,42.14
"2022-12-21 23:00:00",3649,12.22,406,0,-0.307,-1.36,-2.01,-0.121,-0.178,-0.203,-0.342,46.68,42.4
"2022-12-21 23:30:00",3650,12.22,406,0,-0.302,-1.36,-1.95,-0.121,-0.173,-0.201,-0.34,46.98,41.85
"2022-12-22 00:00:00",3651,12.22,406,0,-0.305,-1.4,-1.94,-0.125,-0.173,-0.202,-0.34,47.4,42.02
"2022-12-22 00:30:00",3652,12.22,406,0,-0.304,-1.37,-1.96,-0.122,-0.174,-0.201,-0.341,45.97,42.52
"2022-12-22 01:00:00",3653,12.22,406,0,-0.305,-1.37,-1.97,-0.123,-0.175,-0.205,-0.343,45.97,42.93
"2022-12-22 01:30:00",3654,12.22,406,0,-0.306,-1.39,-1.96,-0.124,-0.175,-0.204,-0.342,46.36,42.49
"2022-12-22 02:00:00",3655,12.22,406,0,-0.299,-1.36,-1.92,-0.121,-0.171,-0.196,-0.338,46.49,42.2
"2022-12-22 02:30:00",3656,12.21,406,0,-0.296,-1.32,-1.93,-0.118,-0.172,-0.197,-0.336,46.69,42.98
"2022-12-22 03:00:00",3657,12.21,406,0,-0.302,-1.41,-1.89,-0.125,-0.169,-0.202,-0.336,45.77,42.06
"2022-12-22 03:30:00",3658,12.21,406,0,-0.29,-1.29,-1.89,-0.115,-0.168,-0.195,-0.336,46.94,42.5
"2022-12-22 04:00:00",3659,12.21,406,0,-0.294,-1.31,-1.92,-0.116,-0.17,-0.196,-0.336,46.15,42.86
"2022-12-22 04:30:00",3660,12.21,406,0,-0.293,-1.29,-1.93,-0.115,-0.172,-0.195,-0.335,47.83,42.14
"2022-12-22 05:00:00",3661,12.21,406,0,-0.293,-1.29,-1.93,-0.115,-0.171,-0.194,-0.338,46.89,42.19
"2022-12-22 05:30:00",3662,12.21,406,0,-0.293,-1.28,-1.94,-0.114,-0.172,-0.189,-0.333,46.1,42.81
"2022-12-22 06:00:00",3663,12.21,406,0,-0.302,-1.36,-1.95,-0.121,-0.173,-0.198,-0.336,46.2,42.75
"2022-12-22 06:30:00",3664,12.21,406,0,-0.292,-1.29,-1.92,-0.115,-0.171,-0.194,-0.335,46.28,42.42
"2022-12-22 07:00:00",3665,12.22,406,0,-0.288,-1.26,-1.9,-0.112,-0.169,-0.187,-0.336,47.78,42.51
"2022-12-22 07:30:00",3666,12.22,406,0,-0.293,-1.32,-1.89,-0.118,-0.168,-0.191,-0.332,46.94,42.92
"2022-12-22 08:00:00",3667,12.21,406,0,-0.293,-1.29,-1.93,-0.115,-0.172,-0.189,-0.336,47.75,43.05
"2022-12-22 08:30:00",3668,12.22,406,0,-0.271,-1.12,-1.87,-0.1,-0.167,-0.175,-0.33,49.33,42.97
"2022-12-22 09:00:00",3669,12.21,406,0,-0.271,-1.12,-1.86,-0.1,-0.166,-0.177,-0.33,47.2,42.76
"2022-12-22 09:30:00",3670,12.22,406,0,-0.254,-0.99,-1.81,-0.089,-0.161,-0.161,-0.32,50.46,43.26
"2022-12-22 10:00:00",3671,12.22,406,0,-0.265,-1.04,-1.89,-0.093,-0.168,-0.177,-0.331,47.52,42.42
"2022-12-22 10:30:00",3672,12.22,406,0,-0.275,-1.16,-1.86,-0.104,-0.166,-0.18,-0.33,48.5,42.72
"2022-12-22 11:00:00",3673,12.22,406,0,-0.284,-1.23,-1.89,-0.11,-0.168,-0.188,-0.331,48.04,41.94
"2022-12-22 11:30:00",3674,12.22,406,0,-0.289,-1.31,-1.86,-0.117,-0.166,-0.187,-0.327,47.38,43.37
"2022-12-22 12:00:00",3675,12.23,406,0,-0.293,-1.32,-1.89,-0.118,-0.168,-0.193,-0.331,47.69,43.42
"2022-12-22 12:30:00",3676,12.23,406,0,-0.294,-1.34,-1.88,-0.119,-0.167,-0.195,-0.334,46.87,43.43
"2022-12-22 13:00:00",3677,12.23,406,0,-0.294,-1.31,-1.92,-0.117,-0.171,-0.195,-0.335,48.01,43.89
"2022-12-22 13:30:00",3678,12.23,406,0,-0.301,-1.37,-1.93,-0.122,-0.172,-0.194,-0.331,46.92,43.07
"2022-12-22 14:00:00",3679,12.23,406,0,-0.296,-1.34,-1.9,-0.12,-0.169,-0.196,-0.331,47.24,42.81
"2022-12-22 14:30:00",3680,12.23,406,0,-0.302,-1.38,-1.93,-0.123,-0.171,-0.196,-0.33,47.95,42.85
"2022-12-22 15:00:00",3681,12.22,406,0,-0.288,-1.27,-1.89,-0.113,-0.169,-0.191,-0.331,48.07,44.22
"2022-12-22 15:30:00",3682,12.22,406,0,-0.299,-1.35,-1.93,-0.121,-0.171,-0.196,-0.332,47.02,43.42
"2022-12-22 16:00:00",3683,12.22,406,0,-0.292,-1.29,-1.91,-0.115,-0.17,-0.195,-0.335,48.06,42.12
"2022-12-22 16:30:00",3684,12.22,406,0,-0.306,-1.38,-1.97,-0.123,-0.175,-0.2,-0.336,46.3,43.12
"2022-12-22 17:00:00",3685,12.22,406,0,-0.301,-1.38,-1.92,-0.123,-0.171,-0.199,-0.336,46.28,42.58
"2022-12-22 17:30:00",3686,12.22,406,0,-0.299,-1.37,-1.91,-0.122,-0.17,-0.201,-0.335,45.35,42.17
"2022-12-22 18:00:00",3687,12.22,406,0,-0.299,-1.35,-1.93,-0.12,-0.171,-0.192,-0.335,47.32,43.62
"2022-12-22 18:30:00",3688,12.22,406,0,-0.295,-1.3,-1.94,-0.116,-0.173,-0.191,-0.334,46.74,43.72
"2022-12-22 19:00:00",3689,12.22,406,0,-0.302,-1.36,-1.95,-0.122,-0.173,-0.198,-0.336,46.27,42.57
"2022-12-22 19:30:00",3690,12.22,406,0,-0.288,-1.26,-1.9,-0.112,-0.169,-0.188,-0.333,48.51,43.41
"2022-12-22 20:00:00",3691,12.22,406,0,-0.298,-1.33,-1.94,-0.119,-0.173,-0.193,-0.336,47.2,42.52
"2022-12-22 20:30:00",3692,12.22,406,0,-0.296,-1.32,-1.93,-0.118,-0.172,-0.194,-0.335,46.51,43.49
"2022-12-22 21:00:00",3693,12.22,406,0,-0.301,-1.36,-1.94,-0.122,-0.172,-0.198,-0.336,46.95,43.52
"2022-12-22 21:30:00",3694,12.22,406,0,-0.299,-1.34,-1.94,-0.119,-0.173,-0.198,-0.336,47.39,43.96
"2022-12-22 22:00:00",3695,12.21,406,0,-0.297,-1.32,-1.94,-0.118,-0.172,-0.19,-0.336,45.27,41.99
"2022-12-22 22:30:00",3696,12.21,406,0,-0.295,-1.29,-1.95,-0.115,-0.173,-0.192,-0.33,50.83,43.49
"2022-12-22 23:00:00",3697,12.21,406,0,-0.288,-1.28,-1.88,-0.114,-0.167,-0.194,-0.329,50.61,43.01
"2022-12-22 23:30:00",3698,12.21,406,0,-0.291,-1.27,-1.93,-0.113,-0.172,-0.194,-0.336,47.64,42.54
"2022-12-23 00:00:00",3699,12.21,406,0,-0.298,-1.32,-1.95,-0.118,-0.174,-0.192,-0.338,46.04,43.18
"2022-12-23 00:30:00",3700,12.21,406,0,-0.289,-1.25,-1.93,-0.112,-0.172,-0.192,-0.337,47.34,42.92
"2022-12-23 01:00:00",3701,12.21,406,0,-0.297,-1.29,-1.97,-0.115,-0.175,-0.19,-0.341,45.3,42.03
"2022-12-23 01:30:00",3702,12.21,406,0,-0.301,-1.31,-1.99,-0.117,-0.177,-0.2,-0.347,43,41.8
"2022-12-23 02:00:00",3703,12.21,406,0,-0.305,-1.28,-2.08,-0.114,-0.185,-0.202,-0.356,44.68,41.82
"2022-12-23 02:30:00",3704,12.21,406,0,-0.308,-1.36,-2.02,-0.121,-0.18,-0.209,-0.352,46.03,42.33
"2022-12-23 03:00:00",3705,12.2,406,0,-0.321,-1.45,-2.07,-0.129,-0.184,-0.211,-0.354,44.08,42.88
"2022-12-23 03:30:00",3706,12.19,406,0,-0.306,-1.3,-2.06,-0.116,-0.183,-0.201,-0.351,43.78,40.6
"2022-12-23 04:00:00",3707,12.19,406,0,-0.315,-1.44,-2.01,-0.128,-0.179,-0.212,-0.351,45.16,41.03
"2022-12-23 04:30:00",3708,12.19,406,0,-0.306,-1.33,-2.03,-0.119,-0.18,-0.199,-0.346,45.12,41.68
"2022-12-23 05:00:00",3709,12.19,406,0,-0.301,-1.34,-1.96,-0.119,-0.174,-0.199,-0.344,45.8,41.94
"2022-12-23 05:30:00",3710,12.18,406,0,-0.301,-1.33,-1.97,-0.118,-0.175,-0.201,-0.344,46.78,43.18
"2022-12-23 06:00:00",3711,12.18,406,0,-0.306,-1.35,-2.01,-0.121,-0.179,-0.206,-0.344,46.06,41.21
"2022-12-23 06:30:00",3712,12.18,406,0,-0.301,-1.32,-1.99,-0.118,-0.177,-0.201,-0.344,45.27,42.25
"2022-12-23 07:00:00",3713,12.17,406,0,-0.297,-1.31,-1.95,-0.117,-0.173,-0.195,-0.341,46.62,42.34
"2022-12-23 07:30:00",3714,12.17,406,0,-0.315,-1.43,-2.02,-0.128,-0.18,-0.199,-0.341,46.46,43.44
"2022-12-23 08:00:00",3715,12.17,406,0,-0.311,-1.42,-1.99,-0.127,-0.177,-0.196,-0.342,47.14,41.04
"2022-12-23 08:30:00",3716,12.17,406,0,-0.307,-1.41,-1.95,-0.126,-0.173,-0.202,-0.337,46.15,42.29
"2022-12-23 09:00:00",3717,12.17,406,0,-0.284,-1.17,-1.96,-0.104,-0.174,-0.181,-0.334,46.3,42.86
"2022-12-23 09:30:00",3718,12.17,406,0,-0.257,-0.98,-1.86,-0.087,-0.165,-0.157,-0.331,48.28,45.41
"2022-12-23 10:00:00",3719,12.17,406,0,-0.278,-1.15,-1.91,-0.102,-0.17,-0.172,-0.337,46.17,41.06
"2022-12-23 10:30:00",3720,12.16,406,0,-0.295,-1.21,-2.04,-0.108,-0.181,-0.192,-0.351,43.25,42.88
"2022-12-23 11:00:00",3721,12.16,406,0,-0.269,-1.01,-1.96,-0.09,-0.174,-0.179,-0.345,45.02,42.41
"2022-12-23 11:30:00",3722,12.16,406,0,-0.247,-0.83,-1.91,-0.075,-0.17,-0.169,-0.344,47.21,42.51
"2022-12-23 12:00:00",3723,12.16,406,0,-0.082,0.61,-1.63,0.054,-0.145,-99,-0.318,-99,43.48
"2022-12-23 12:30:00",3724,12.16,406,0,-0.22,-0.57,-1.89,-0.051,-0.168,-0.155,-0.347,39.99,39.89
"2022-12-23 13:00:00",3725,12.17,406,0,-0.208,-0.4,-1.95,-0.036,-0.174,-0.134,-0.353,44.66,40.38
"2022-12-23 13:30:00",3726,12.23,406,0,-0.221,-0.56,-1.92,-0.051,-0.171,-0.146,-0.342,44.05,44.1
"2022-12-23 14:00:00",3727,12.21,406,0,-0.223,-0.56,-1.94,-0.051,-0.172,-0.149,-0.348,45.53,40.99
"2022-12-23 14:30:00",3728,12.18,406,0,-0.214,-0.5,-1.91,-0.045,-0.17,-0.151,-0.347,45.78,41.65
"2022-12-23 15:00:00",3729,12.15,406,0,-0.29,-1.15,-2.05,-0.102,-0.182,-0.193,-0.357,44.59,40.15
"2022-12-23 15:30:00",3730,12.14,406,0,-0.284,-1.05,-2.09,-0.094,-0.186,-0.18,-0.354,46.86,40.33
"2022-12-23 16:00:00",3731,12.14,406,0,-0.32,-1.46,-2.04,-0.13,-0.181,-0.212,-0.351,44.3,41.27
"2022-12-23 16:30:00",3732,12.13,406,0,-0.336,-1.56,-2.12,-0.139,-0.188,-0.217,-0.351,44.52,38.82
"2022-12-23 17:00:00",3733,12.13,406,0,-0.477,-2.89,-2.24,-0.256,-0.199,-0.314,-0.363,46.5,41.64
"2022-12-23 17:30:00",3734,12.13,406,0,-0.395,-2.09,-2.2,-0.186,-0.195,-0.267,-0.358,45.43,41.3
"2022-12-23 18:00:00",3735,12.12,406,0,-0.418,-2.37,-2.15,-0.21,-0.191,-0.277,-0.355,48.22,41.68
"2022-12-23 18:30:00",3736,12.12,406,0,-0.432,-2.5,-2.17,-0.222,-0.193,-0.28,-0.354,44.3,44.46
"2022-12-23 19:00:00",3737,12.11,406,0,-0.424,-2.42,-2.16,-0.215,-0.192,-0.277,-0.353,47.82,42.85
"2022-12-23 19:30:00",3738,12.11,406,0,-0.436,-2.54,-2.17,-0.225,-0.193,-0.293,-0.349,42.74,43.06
"2022-12-23 20:00:00",3739,12.11,406,0,-0.365,-1.92,-2.05,-0.171,-0.183,-0.242,-0.338,45.57,42.95
"2022-12-23 20:30:00",3740,12.1,406,0,-0.362,-1.94,-1.99,-0.173,-0.177,-0.284,-0.339,40.89,41.78
"2022-12-23 21:00:00",3741,12.1,406,0,-0.351,-1.83,-1.99,-0.163,-0.177,-0.26,-0.344,42.18,42.08
"2022-12-23 21:30:00",3742,12.09,406,0,-0.393,-2.27,-1.97,-0.202,-0.176,-0.294,-0.343,42.34,42.4
"2022-12-23 22:00:00",3743,12.09,406,0,-0.296,-1.27,-1.98,-0.113,-0.176,-0.237,-0.341,40.72,41.04
"2022-12-23 22:30:00",3744,12.09,406,0,-0.33,-1.76,-1.82,-0.156,-0.162,-0.207,-0.339,38.12,42.2
"2022-12-23 23:00:00",3745,12.08,406,0,-0.499,-3.38,-1.95,-0.3,-0.173,-0.33,-0.351,38.52,38.84
"2022-12-23 23:30:00",3746,12.08,406,0,-0.348,-1.98,-1.78,-0.176,-0.158,-0.226,-0.349,41.67,41.57
"2022-12-24 00:00:00",3747,12.08,406,0,-0.367,-2.1,-1.87,-0.187,-0.166,-0.288,-0.357,38,38.74
"2022-12-24 00:30:00",3748,12.07,406,0,-0.483,-3.22,-1.94,-0.286,-0.173,-0.276,-0.358,38.38,38.69
"2022-12-24 01:00:00",3749,12.07,406,0,-0.285,-1.34,-1.78,-0.12,-0.158,-0.182,-0.35,39.97,39.87
"2022-12-24 01:30:00",3750,12.07,406,0,-0.281,-1.31,-1.77,-0.117,-0.158,-0.205,-0.361,39.5,38.97
"2022-12-24 02:00:00",3751,12.07,406,0,-0.312,-1.57,-1.83,-0.14,-0.163,-0.211,-0.361,39.23,39.13
"2022-12-24 02:30:00",3752,12.06,406,0,-0.317,-1.51,-1.96,-0.135,-0.174,-0.216,-0.371,37,37.06
"2022-12-24 03:00:00",3753,12.06,406,0,-0.301,-1.31,-2,-0.117,-0.178,-0.203,-0.366,34.95,35.26
"2022-12-24 03:30:00",3754,12.06,406,0,-0.372,-1.54,-2.55,-0.137,-0.227,-0.22,-0.396,35.58,36.05
"2022-12-24 04:00:00",3755,12.06,406,0,-0.349,-1.41,-2.43,-0.126,-0.216,-0.223,-0.388,37.14,37.61
"2022-12-24 04:30:00",3756,12.05,406,0,-0.352,-1.38,-2.5,-0.123,-0.222,-0.225,-0.377,34,37.25
"2022-12-24 05:00:00",3757,12.06,406,0,-0.347,-1.4,-2.42,-0.125,-0.215,-0.231,-0.372,35.94,36.68
"2022-12-24 05:30:00",3758,12.05,406,0,-0.306,-1.3,-2.06,-0.116,-0.183,-0.228,-0.348,34.59,37.68
"2022-12-24 06:00:00",3759,12.05,406,0,-0.315,-1.29,-2.18,-0.115,-0.194,-0.234,-0.355,33.6,36.43
"2022-12-24 06:30:00",3760,12.05,406,0,-0.299,-1.27,-2.02,-0.113,-0.18,-0.238,-0.348,34.9,38.72
"2022-12-24 07:00:00",3761,12.05,406,0,-0.274,-1.2,-1.81,-0.107,-0.161,-0.24,-0.339,33.85,39.19
"2022-12-24 07:30:00",3762,12.04,406,0,-0.247,-1.04,-1.68,-0.093,-0.15,-0.23,-0.33,33.74,38.25
"2022-12-24 08:00:00",3763,12.04,406,0,-0.263,-1.18,-1.7,-0.105,-0.152,-0.236,-0.332,34.58,39.93
"2022-12-24 08:30:00",3764,12.04,406,0,-0.248,-1.05,-1.68,-0.094,-0.15,-0.232,-0.337,33.27,38.36
"2022-12-24 09:00:00",3765,12.04,406,0,-0.245,-1.05,-1.64,-0.094,-0.146,-0.235,-0.338,34.06,39.56
"2022-12-24 09:30:00",3766,12.03,406,0,-0.25,-1.09,-1.66,-0.097,-0.148,-0.236,-0.342,33.58,37.51
"2022-12-24 10:00:00",3767,12.04,406,0,-0.234,-0.99,-1.58,-0.088,-0.14,-0.227,-0.329,35.08,38.74
"2022-12-24 10:30:00",3768,12.23,406,0,-0.348,-2.06,-1.7,-0.183,-0.152,-0.278,-0.334,33.97,39.31
"2022-12-24 11:00:00",3769,12.09,406,0,-0.294,-1.45,-1.76,-0.13,-0.157,-0.256,-0.337,33.83,39.33
"2022-12-24 11:30:00",3770,12.27,406,0,-0.295,-1.51,-1.7,-0.134,-0.152,-0.263,-0.325,36.05,39.87
"2022-12-24 12:00:00",3771,12.09,406,0,-0.113,0.38,-1.73,0.033,-0.154,-0.142,-0.326,44.59,41.71
"2022-12-24 12:30:00",3772,12.11,406,0,-0.34,-1.67,-2.04,-0.149,-0.181,-99,-0.326,-99,42.82
"2022-12-24 13:00:00",3773,12.13,406,0,-0.366,-1.8,-2.19,-0.16,-0.195,-0.237,-0.346,40.75,41.65
"2022-12-24 13:30:00",3774,12.19,406,0,-0.415,-2.31,-2.18,-0.205,-0.194,-0.234,-0.336,51.98,44.07
"2022-12-24 14:00:00",3775,12.14,406,0,-0.335,-1.61,-2.05,-0.143,-0.182,-0.232,-0.335,39.95,40.26
"2022-12-24 14:30:00",3776,12.07,406,0,-0.324,-1.57,-1.97,-0.14,-0.175,-0.259,-0.339,36.38,39.63
"2022-12-24 15:00:00",3777,12.05,406,0,-0.303,-1.5,-1.8,-0.134,-0.16,-0.263,-0.342,34.91,40.26
"2022-12-24 15:30:00",3778,12.05,406,0,-0.277,-1.35,-1.68,-0.12,-0.15,-0.254,-0.339,33.82,39.85
"2022-12-24 16:00:00",3779,12.05,406,0,-0.271,-1.33,-1.63,-0.119,-0.145,-0.253,-0.344,33.19,38.12
"2022-12-24 16:30:00",3780,12.04,406,0,-0.252,-1.17,-1.59,-0.104,-0.141,-0.248,-0.345,32.47,38.39
"2022-12-24 17:00:00",3781,12.04,406,0,-0.253,-1.17,-1.6,-0.104,-0.143,-0.242,-0.347,32.73,36.66
"2022-12-24 17:30:00",3782,12.04,406,0,-0.247,-1.09,-1.62,-0.097,-0.144,-0.241,-0.348,31.84,36.76
"2022-12-24 18:00:00",3783,12.04,406,0,-0.24,-1.06,-1.58,-0.095,-0.141,-0.238,-0.346,32.26,36.6
"2022-12-24 18:30:00",3784,12.04,406,0,-0.238,-1.05,-1.56,-0.094,-0.139,-0.232,-0.346,32.15,36.39
"2022-12-24 19:00:00",3785,12.04,406,0,-0.234,-1.04,-1.53,-0.093,-0.136,-0.234,-0.341,32.61,36.28
"2022-12-24 19:30:00",3786,12.04,406,0,-0.228,-0.99,-1.52,-0.088,-0.135,-0.229,-0.345,32.46,35.97
"2022-12-24 20:00:00",3787,12.04,406,0,-0.237,-1.03,-1.57,-0.092,-0.14,-0.23,-0.345,31.68,36.44
"2022-12-24 20:30:00",3788,12.04,406,0,-0.237,-1.06,-1.54,-0.095,-0.137,-0.233,-0.343,31.87,35.96
"2022-12-24 21:00:00",3789,12.03,406,0,-0.23,-1,-1.53,-0.09,-0.136,-0.226,-0.342,32.25,36.5
"2022-12-24 21:30:00",3790,12.03,406,0,-0.222,-0.95,-1.49,-0.085,-0.133,-0.226,-0.339,32.35,36.59
"2022-12-24 22:00:00",3791,12.03,406,0,-0.222,-0.95,-1.49,-0.085,-0.133,-0.224,-0.34,31.88,36.13
"2022-12-24 22:30:00",3792,12.03,406,0,-0.224,-0.97,-1.49,-0.086,-0.133,-0.228,-0.34,31.99,36.49
"2022-12-24 23:00:00",3793,12.03,406,0,-0.227,-1,-1.49,-0.089,-0.133,-0.224,-0.34,32.58,36.66
"2022-12-24 23:30:00",3794,12.03,406,0,-0.221,-0.95,-1.48,-0.085,-0.132,-0.227,-0.341,31.79,37.13
"2022-12-25 00:00:00",3795,12.03,406,0,-0.227,-0.99,-1.51,-0.088,-0.134,-0.227,-0.338,33.09,36.6
"2022-12-25 00:30:00",3796,12.03,406,0,-0.224,-0.96,-1.51,-0.086,-0.135,-0.225,-0.34,31.88,36.22
"2022-12-25 01:00:00",3797,12.02,406,0,-0.216,-0.9,-1.48,-0.081,-0.132,-0.224,-0.338,31.93,36.43
"2022-12-25 01:30:00",3798,12.02,406,0,-0.213,-0.9,-1.45,-0.081,-0.129,-0.224,-0.336,32.1,36.03
"2022-12-25 02:00:00",3799,12.02,406,0,-0.215,-0.92,-1.45,-0.082,-0.129,-0.225,-0.337,32.46,35.71
"2022-12-25 02:30:00",3800,12.02,406,0,-0.219,-0.96,-1.45,-0.086,-0.129,-0.227,-0.336,32.24,36.17
"2022-12-25 03:00:00",3801,12.02,406,0,-0.214,-0.91,-1.45,-0.082,-0.129,-0.224,-0.338,31.36,36.28
"2022-12-25 03:30:00",3802,12.02,406,0,-0.219,-0.96,-1.45,-0.086,-0.129,-0.23,-0.338,32.45,36.54
"2022-12-25 04:00:00",3803,12.02,406,0,-0.227,-1.04,-1.45,-0.093,-0.129,-0.228,-0.338,31.83,36.6
"2022-12-25 04:30:00",3804,12.02,406,0,-0.226,-1,-1.48,-0.089,-0.132,-0.225,-0.339,31.98,35.81
"2022-12-25 05:00:00",3805,12.02,406,0,-0.217,-0.91,-1.48,-0.081,-0.132,-0.227,-0.34,32.09,36.44
"2022-12-25 05:30:00",3806,12.01,406,0,-0.22,-0.91,-1.51,-0.082,-0.135,-0.223,-0.338,32.15,36.5
"2022-12-25 06:00:00",3807,12.02,406,0,-0.218,-0.91,-1.49,-0.082,-0.133,-0.221,-0.337,31.8,35.63
"2022-12-25 06:30:00",3808,12.01,406,0,-0.224,-0.94,-1.53,-0.084,-0.137,-0.223,-0.339,32.34,36.27
"2022-12-25 07:00:00",3809,12.01,406,0,-0.22,-0.94,-1.48,-0.084,-0.131,-0.219,-0.339,31.8,36.15
"2022-12-25 07:30:00",3810,12,406,0,-0.209,-0.87,-1.43,-0.078,-0.128,-0.213,-0.335,31.36,36.13
"2022-12-25 08:00:00",3811,12,406,0,-0.211,-0.88,-1.44,-0.079,-0.128,-0.213,-0.335,31.65,36
"2022-12-25 08:30:00",3812,12,406,0,-0.208,-0.88,-1.41,-0.078,-0.126,-0.212,-0.329,32.17,36.26
"2022-12-25 09:00:00",3813,12,406,0,-0.209,-0.86,-1.45,-0.077,-0.129,-0.216,-0.331,32.14,36.22
"2022-12-25 09:30:00",3814,12,406,0,-0.21,-0.88,-1.43,-0.079,-0.127,-0.221,-0.331,32.35,36.01
"2022-12-25 10:00:00",3815,12,406,0,-0.174,-0.64,-1.29,-0.058,-0.115,-0.211,-0.322,33.23,36.47
"2022-12-25 10:30:00",3816,12.14,406,0,-0.307,-1.85,-1.46,-0.164,-0.13,-0.269,-0.328,32.63,36.44
"2022-12-25 11:00:00",3817,12.05,406,0,-0.239,-1.11,-1.51,-0.099,-0.135,-0.247,-0.339,34.62,37.86
"2022-12-25 11:30:00",3818,12.12,406,0,-0.213,-0.8,-1.56,-0.072,-0.139,-0.182,-0.328,48.46,39
"2022-12-25 12:00:00",3819,12.07,406,0,-0.226,-0.73,-1.78,-0.065,-0.158,-99,-0.331,-99,39.45
"2022-12-25 12:30:00",3820,12.08,406,0,-0.364,-1.87,-2.09,-0.166,-0.186,-99,-0.353,-99,37.97
"2022-12-25 13:00:00",3821,12.06,406,0,-0.358,-1.82,-2.08,-0.162,-0.185,-0.281,-0.373,28.8,37.06
"2022-12-25 13:30:00",3822,12.19,406,0,-0.428,-2.51,-2.11,-0.223,-0.188,-0.324,-0.404,25.44,33.28
"2022-12-25 14:00:00",3823,12.14,406,0,-0.282,-1.08,-2.03,-0.096,-0.181,-0.273,-0.42,26.43,31.76
"2022-12-25 14:30:00",3824,12.09,406,0,-0.277,-1.03,-2.03,-0.092,-0.181,-0.285,-0.434,25.59,30.09
"2022-12-25 15:00:00",3825,12.05,406,0,-0.183,-0.12,-1.98,-0.011,-0.176,-0.195,-0.425,27.17,30.83
"2022-12-25 15:30:00",3826,12.04,406,0,-0.209,-0.44,-1.91,-0.04,-0.17,-0.146,-0.4,34.67,32.05
"2022-12-25 16:00:00",3827,12.03,406,0,-0.337,-1.68,-1.99,-0.15,-0.177,-0.232,-0.393,34.65,33.29
"2022-12-25 16:30:00",3828,12.03,406,0,-0.354,-1.8,-2.06,-0.16,-0.184,-0.245,-0.39,33.77,33.66
"2022-12-25 17:00:00",3829,12.02,406,0,-0.308,-1.34,-2.04,-0.12,-0.182,-0.242,-0.38,34.93,34.82
"2022-12-25 17:30:00",3830,12.02,406,0,-0.35,-1.71,-2.11,-0.152,-0.187,-0.245,-0.371,39.65,35.62
"2022-12-25 18:00:00",3831,12.02,406,0,-0.34,-1.68,-2.03,-0.149,-0.181,-0.231,-0.354,39.86,37.4
"2022-12-25 18:30:00",3832,12.01,406,0,-0.323,-1.58,-1.95,-0.141,-0.173,-0.238,-0.346,38.63,37.85
"2022-12-25 19:00:00",3833,12.01,406,0,-0.311,-1.55,-1.84,-0.138,-0.164,-0.255,-0.341,35.16,37.99
"2022-12-25 19:30:00",3834,12,406,0,-0.293,-1.45,-1.75,-0.129,-0.156,-0.251,-0.34,35.38,38.47
"2022-12-25 20:00:00",3835,12,406,0,-0.277,-1.35,-1.68,-0.12,-0.15,-0.252,-0.34,35.44,38.42
"2022-12-25 20:30:00",3836,12,406,0,-0.267,-1.28,-1.64,-0.115,-0.146,-0.249,-0.342,34.38,38.2
"2022-12-25 21:00:00",3837,12,406,0,-0.263,-1.21,-1.67,-0.108,-0.149,-0.244,-0.344,33.97,36.65
"2022-12-25 21:30:00",3838,11.99,406,0,-0.253,-1.15,-1.62,-0.103,-0.144,-0.246,-0.344,33.65,36.9
"2022-12-25 22:00:00",3839,11.99,406,0,-0.247,-1.13,-1.58,-0.101,-0.141,-0.242,-0.342,33.87,37.11
"2022-12-25 22:30:00",3840,11.98,406,0,-0.242,-1.05,-1.61,-0.094,-0.143,-0.24,-0.343,33.45,37.12
"2022-12-25 23:00:00",3841,11.99,406,0,-0.242,-1.07,-1.59,-0.096,-0.142,-0.235,-0.342,34.25,37.08
"2022-12-25 23:30:00",3842,11.98,406,0,-0.236,-1.03,-1.56,-0.092,-0.139,-0.234,-0.342,33.27,36.52
"2022-12-26 00:00:00",3843,11.98,406,0,-0.242,-1.11,-1.54,-0.099,-0.138,-0.244,-0.343,32.27,36.35
"2022-12-26 00:30:00",3844,11.98,406,0,-0.239,-1.04,-1.59,-0.093,-0.141,-0.238,-0.345,32.19,36.69
"2022-12-26 01:00:00",3845,11.98,406,0,-0.234,-1.02,-1.55,-0.091,-0.138,-0.235,-0.341,32.29,36.53
"2022-12-26 01:30:00",3846,11.98,406,0,-0.233,-1.03,-1.53,-0.092,-0.136,-0.23,-0.343,32.46,36.12
"2022-12-26 02:00:00",3847,11.97,406,0,-0.221,-0.92,-1.52,-0.083,-0.135,-0.226,-0.342,31.94,36.18
"2022-12-26 02:30:00",3848,11.97,406,0,-0.229,-0.95,-1.57,-0.085,-0.14,-0.225,-0.341,32.57,36.5
"2022-12-26 03:00:00",3849,11.97,406,0,-0.219,-0.94,-1.47,-0.084,-0.131,-0.217,-0.338,31.68,36.18
"2022-12-26 03:30:00",3850,11.97,406,0,-0.222,-0.93,-1.52,-0.083,-0.136,-0.22,-0.339,32.37,35.88
"2022-12-26 04:00:00",3851,11.96,406,0,-0.221,-0.92,-1.51,-0.082,-0.135,-0.219,-0.34,32.38,36.2
"2022-12-26 04:30:00",3852,11.96,406,0,-0.224,-0.96,-1.51,-0.086,-0.134,-0.218,-0.336,31.92,36.01
"2022-12-26 05:00:00",3853,11.96,406,0,-0.216,-0.91,-1.47,-0.082,-0.131,-0.215,-0.335,31.68,36.03
"2022-12-26 05:30:00",3854,11.96,406,0,-0.215,-0.9,-1.47,-0.081,-0.131,-0.213,-0.333,32.03,36.12
"2022-12-26 06:00:00",3855,11.95,406,0,-0.216,-0.91,-1.47,-0.081,-0.131,-0.212,-0.335,31.17,36.1
"2022-12-26 06:30:00",3856,11.95,406,0,-0.215,-0.89,-1.48,-0.08,-0.132,-0.207,-0.335,32.05,36.29
"2022-12-26 07:00:00",3857,11.95,406,0,-0.218,-0.92,-1.48,-0.082,-0.132,-0.208,-0.332,31.5,36.27
"2022-12-26 07:30:00",3858,11.95,406,0,-0.216,-0.91,-1.47,-0.082,-0.131,-0.206,-0.331,31.56,36.49
"2022-12-26 08:00:00",3859,11.94,406,0,-0.209,-0.82,-1.49,-0.074,-0.133,-0.203,-0.333,32.14,36.39
"2022-12-26 08:30:00",3860,11.94,406,0,-0.206,-0.87,-1.4,-0.078,-0.125,-0.203,-0.324,31.38,36.46
"2022-12-26 09:00:00",3861,11.94,406,0,-0.207,-0.91,-1.37,-0.082,-0.122,-0.207,-0.324,31.85,36.2
"2022-12-26 09:30:00",3862,11.94,406,0,-0.206,-0.88,-1.39,-0.079,-0.124,-0.208,-0.324,31.74,36.66
"2022-12-26 10:00:00",3863,11.94,406,0,-0.161,-0.49,-1.31,-0.044,-0.117,-0.19,-0.317,33.24,37.32
"2022-12-26 10:30:00",3864,12.08,406,0,-0.267,-1.55,-1.34,-0.138,-0.119,-0.247,-0.319,32.32,37.65
"2022-12-26 11:00:00",3865,11.99,406,0,-0.206,-0.87,-1.4,-0.078,-0.124,-0.243,-0.334,33.14,36.38
"2022-12-26 11:30:00",3866,12.02,406,0,-0.212,-0.87,-1.47,-0.078,-0.131,-0.222,-0.331,36.52,36.83
"2022-12-26 12:00:00",3867,12.02,406,0,-0.046,0.8,-1.44,0.071,-0.128,-0.083,-0.33,50.01,37.52
"2022-12-26 12:30:00",3868,12.01,406,0,-0.331,-1.8,-1.79,-0.16,-0.16,-0.259,-0.339,51.13,38.07
"2022-12-26 13:00:00",3869,12.01,406,0,-0.392,-2.31,-1.92,-0.205,-0.171,-0.308,-0.347,36.42,36.99
"2022-12-26 13:30:00",3870,12.02,406,0,-0.393,-2.26,-1.99,-0.201,-0.177,-0.313,-0.355,32.7,36.52
"2022-12-26 14:00:00",3871,11.98,406,0,-0.382,-2.14,-1.99,-0.191,-0.177,-0.312,-0.357,30.51,36.42
"2022-12-26 14:30:00",3872,11.98,406,0,-0.365,-1.97,-1.99,-0.175,-0.177,-0.295,-0.36,32.77,36.01
"2022-12-26 15:00:00",3873,11.97,406,0,-0.285,-1.2,-1.93,-0.107,-0.171,-0.209,-0.353,38.36,36.74
"2022-12-26 15:30:00",3874,11.97,406,0,-0.343,-1.76,-1.97,-0.156,-0.175,-0.237,-0.356,42.38,36.42
"2022-12-26 16:00:00",3875,11.97,406,0,-0.331,-1.68,-1.92,-0.15,-0.17,-0.242,-0.351,39.97,37.36
"2022-12-26 16:30:00",3876,11.97,406,0,-0.351,-1.89,-1.92,-0.168,-0.171,-0.253,-0.353,38.38,37.86
"2022-12-26 17:00:00",3877,11.96,406,0,-0.326,-1.67,-1.88,-0.148,-0.167,-0.235,-0.347,39.96,38.6
"2022-12-26 17:30:00",3878,11.96,406,0,-0.302,-1.48,-1.82,-0.132,-0.162,-0.236,-0.347,37.04,38.19
"2022-12-26 18:00:00",3879,11.96,406,0,-0.309,-1.55,-1.82,-0.138,-0.162,-0.253,-0.347,35.9,37.89
"2022-12-26 18:30:00",3880,11.96,406,0,-0.288,-1.42,-1.72,-0.127,-0.153,-0.253,-0.348,34.8,37.47
"2022-12-26 19:00:00",3881,11.95,406,0,-0.283,-1.39,-1.7,-0.124,-0.152,-0.255,-0.349,34.91,37.17
"2022-12-26 19:30:00",3882,11.95,406,0,-0.271,-1.34,-1.62,-0.119,-0.144,-0.256,-0.347,34.09,36.92
"2022-12-26 20:00:00",3883,11.94,406,0,-0.26,-1.23,-1.62,-0.11,-0.145,-0.254,-0.35,33.5,36.75
"2022-12-26 20:30:00",3884,11.94,406,0,-0.263,-1.27,-1.6,-0.114,-0.142,-0.257,-0.349,33.04,36.7
"2022-12-26 21:00:00",3885,11.94,406,0,-0.245,-1.13,-1.55,-0.101,-0.138,-0.245,-0.348,32.61,36.7
"2022-12-26 21:30:00",3886,11.94,406,0,-0.246,-1.15,-1.54,-0.103,-0.137,-0.247,-0.346,33.22,36.73
"2022-12-26 22:00:00",3887,11.93,406,0,-0.252,-1.19,-1.57,-0.106,-0.14,-0.249,-0.344,32.85,36.36
"2022-12-26 22:30:00",3888,11.93,406,0,-0.243,-1.1,-1.57,-0.099,-0.14,-0.246,-0.347,33.01,36.52
"2022-12-26 23:00:00",3889,11.93,406,0,-0.234,-1.08,-1.49,-0.096,-0.132,-0.241,-0.343,32.07,36.31
"2022-12-26 23:30:00",3890,11.93,406,0,-0.243,-1.09,-1.58,-0.097,-0.141,-0.245,-0.347,32.18,36.42
"2022-12-27 00:00:00",3891,11.92,406,0,-0.235,-1.07,-1.51,-0.096,-0.135,-0.242,-0.345,31.92,35.74
"2022-12-27 00:30:00",3892,11.92,406,0,-0.23,-1.02,-1.51,-0.091,-0.135,-0.237,-0.341,31.75,36.1
"2022-12-27 01:00:00",3893,11.92,406,0,-0.226,-0.99,-1.49,-0.089,-0.133,-0.235,-0.342,32.52,36.35
"2022-12-27 01:30:00",3894,11.92,406,0,-0.229,-1.05,-1.46,-0.093,-0.13,-0.235,-0.34,32.28,36.62
"2022-12-27 02:00:00",3895,11.92,406,0,-0.235,-1.06,-1.52,-0.095,-0.135,-0.239,-0.342,32.64,36.73
"2022-12-27 02:30:00",3896,11.92,406,0,-0.225,-0.96,-1.52,-0.086,-0.135,-0.235,-0.342,32.8,36.04
"2022-12-27 03:00:00",3897,11.91,406,0,-0.221,-0.97,-1.46,-0.086,-0.13,-0.239,-0.342,31.96,36.46
"2022-12-27 03:30:00",3898,11.92,406,0,-0.233,-1.05,-1.51,-0.093,-0.135,-0.237,-0.342,31.33,35.83
"2022-12-27 04:00:00",3899,11.91,406,0,-0.233,-1.07,-1.48,-0.095,-0.132,-0.239,-0.34,31.77,36.69
"2022-12-27 04:30:00",3900,11.91,406,0,-0.226,-1,-1.48,-0.09,-0.132,-0.241,-0.342,31.58,36.5
"2022-12-27 05:00:00",3901,11.91,406,0,-0.233,-1.07,-1.48,-0.096,-0.132,-0.243,-0.341,31.38,36.04
"2022-12-27 05:30:00",3902,11.91,406,0,-0.224,-0.98,-1.48,-0.088,-0.132,-0.24,-0.34,31.42,35.76
"2022-12-27 06:00:00",3903,11.91,406,0,-0.231,-1.04,-1.49,-0.093,-0.132,-0.242,-0.339,31.64,36.55
"2022-12-27 06:30:00",3904,11.91,406,0,-0.221,-0.96,-1.47,-0.086,-0.131,-0.243,-0.341,31.63,36.13
"2022-12-27 07:00:00",3905,11.91,406,0,-0.217,-0.92,-1.47,-0.083,-0.131,-0.239,-0.342,31.69,36.19
"2022-12-27 07:30:00",3906,11.9,406,0,-0.233,-1.05,-1.51,-0.094,-0.135,-0.241,-0.34,31.55,36.47
"2022-12-27 08:00:00",3907,11.91,406,0,-0.245,-1.14,-1.54,-0.101,-0.137,-0.247,-0.343,31.34,36
"2022-12-27 08:30:00",3908,11.9,406,0,-0.238,-1.12,-1.49,-0.1,-0.132,-0.25,-0.342,31.38,35.88
"2022-12-27 09:00:00",3909,11.9,406,0,-0.242,-1.15,-1.5,-0.103,-0.134,-0.25,-0.341,31.17,36.77
"2022-12-27 09:30:00",3910,11.9,406,0,-0.229,-1.06,-1.45,-0.095,-0.13,-0.252,-0.339,31.11,36.45
"2022-12-27 10:00:00",3911,11.9,406,0,-0.212,-0.87,-1.47,-0.078,-0.131,-0.239,-0.34,32.87,36.68
"2022-12-27 10:30:00",3912,11.99,406,0,-0.277,-1.43,-1.59,-0.127,-0.141,-0.23,-0.337,41.28,36.85
"2022-12-27 11:00:00",3913,11.95,406,0,-0.341,-1.87,-1.83,-0.167,-0.163,-0.267,-0.348,42.69,36.9
"2022-12-27 11:30:00",3914,11.99,406,0,-0.324,-1.69,-1.83,-0.151,-0.163,-0.279,-0.354,34.95,35.27
"2022-12-27 12:00:00",3915,11.99,406,0,0.089,2.59,-1.88,0.229,-0.167,-99,-0.379,-99,33.9
"2022-12-27 12:30:00",3916,11.97,406,0,0.136,3.04,-1.85,0.269,-0.165,-99,-0.422,-99,30.76
"2022-12-27 13:00:00",3917,11.97,406,0,-0.116,0.38,-1.77,0.033,-0.158,-0.17,-0.444,31.41,28.54
"2022-12-27 13:30:00",3918,12.09,406,0,-0.149,0.1,-1.83,0.009,-0.163,-0.146,-0.477,33.59,27.22
"2022-12-27 14:00:00",3919,12.03,406,0,-0.158,-0.04,-1.78,-0.005,-0.158,-0.196,-0.497,34.29,27.35
"2022-12-27 14:30:00",3920,11.99,406,0,-0.168,-0.23,-1.68,-0.021,-0.15,-0.201,-0.508,36.53,27.08
"2022-12-27 15:00:00",3921,11.97,406,0,-0.202,-0.44,-1.83,-0.04,-0.163,-0.2,-0.521,37.17,27.46
"2022-12-27 15:30:00",3922,11.95,406,0,-0.202,-0.58,-1.68,-0.053,-0.15,-0.205,-0.515,38.27,27.14
"2022-12-27 16:00:00",3923,11.94,406,0,-0.213,-0.62,-1.76,-0.056,-0.156,-0.209,-0.518,38.25,27.69
"2022-12-27 16:30:00",3924,11.94,406,0,-0.237,-0.82,-1.81,-0.073,-0.161,-0.215,-0.519,38.34,28.21
"2022-12-27 17:00:00",3925,11.93,406,0,-0.244,-0.85,-1.86,-0.076,-0.166,-0.218,-0.515,38.95,28.38
"2022-12-27 17:30:00",3926,11.93,406,0,-0.249,-0.82,-1.95,-0.073,-0.173,-0.215,-0.521,38.13,27.98
"2022-12-27 18:00:00",3927,11.92,406,0,-0.181,-0.52,-1.51,-0.047,-0.135,-0.201,-0.517,37.93,28.46
"2022-12-27 18:30:00",3928,11.92,406,0,-0.189,-0.61,-1.5,-0.055,-0.134,-0.235,-0.514,37.25,28.19
"2022-12-27 19:00:00",3929,11.91,406,0,-0.199,-0.65,-1.57,-0.059,-0.139,-0.243,-0.489,34.16,29.03
"2022-12-27 19:30:00",3930,11.91,406,0,-0.218,-0.88,-1.53,-0.079,-0.136,-0.247,-0.461,31.44,29.24
"2022-12-27 20:00:00",3931,11.9,406,0,-0.167,-0.25,-1.65,-0.023,-0.147,-0.195,-0.439,31.95,30.33
"2022-12-27 20:30:00",3932,11.9,406,0,-0.294,-1.39,-1.83,-0.124,-0.163,-0.281,-0.441,31.5,30.98
"2022-12-27 21:00:00",3933,11.89,406,0,-0.223,-0.78,-1.69,-0.07,-0.15,-0.236,-0.431,31.17,30.91
"2022-12-27 21:30:00",3934,11.89,406,0,-0.231,-0.81,-1.75,-0.073,-0.155,-0.254,-0.428,29.97,30.7
"2022-12-27 22:00:00",3935,11.89,406,0,-0.173,-0.29,-1.67,-0.027,-0.149,-0.21,-0.42,30.03,31.03
"2022-12-27 22:30:00",3936,11.88,406,0,-0.374,-2.19,-1.85,-0.195,-0.165,-0.326,-0.43,29.55,31.54
"2022-12-27 23:00:00",3937,11.88,406,0,-0.391,-2.37,-1.84,-0.211,-0.164,-0.315,-0.429,28.88,31.12
"2022-12-27 23:30:00",3938,11.88,406,0,-0.345,-1.86,-1.88,-0.165,-0.167,-0.297,-0.426,29.83,31.4
"2022-12-28 00:00:00",3939,11.88,406,0,-0.299,-1.42,-1.85,-0.126,-0.164,-0.271,-0.421,29.38,31.95
"2022-12-28 00:30:00",3940,11.87,406,0,-0.035,1.01,-1.54,0.09,-0.137,-0.142,-0.406,29.67,31.5
"2022-12-28 01:00:00",3941,11.87,406,0,-0.351,-1.91,-1.9,-0.17,-0.169,-0.301,-0.412,30.88,32.03
"2022-12-28 01:30:00",3942,11.87,406,0,-0.275,-1.2,-1.82,-0.107,-0.162,-0.233,-0.405,31.03,32.19
"2022-12-28 02:00:00",3943,11.86,406,0,-0.409,-2.39,-2.02,-0.212,-0.179,-0.299,-0.401,29.93,32.76
"2022-12-28 02:30:00",3944,11.86,406,0,-0.33,-1.62,-1.98,-0.144,-0.176,-0.255,-0.387,32.97,34.28
"2022-12-28 03:00:00",3945,11.86,406,0,-0.323,-1.59,-1.93,-0.141,-0.172,-0.243,-0.372,34.75,35.48
"2022-12-28 03:30:00",3946,11.86,406,0,-0.318,-1.58,-1.89,-0.141,-0.168,-0.247,-0.358,36.17,36.9
"2022-12-28 04:00:00",3947,11.86,406,0,-0.298,-1.41,-1.85,-0.125,-0.165,-0.23,-0.344,36.55,38.54
"2022-12-28 04:30:00",3948,11.86,406,0,-0.293,-1.42,-1.78,-0.127,-0.158,-0.238,-0.334,36.24,39.49
"2022-12-28 05:00:00",3949,11.85,406,0,-0.289,-1.44,-1.71,-0.128,-0.153,-0.244,-0.329,34.62,39.13
"2022-12-28 05:30:00",3950,11.85,406,0,-0.281,-1.37,-1.7,-0.122,-0.151,-0.257,-0.33,34.86,38.94
"2022-12-28 06:00:00",3951,11.85,406,0,-0.286,-1.41,-1.71,-0.126,-0.153,-0.26,-0.332,34.5,38.17
"2022-12-28 06:30:00",3952,11.85,406,0,-0.27,-1.31,-1.64,-0.117,-0.146,-0.26,-0.335,34.61,38.86
"2022-12-28 07:00:00",3953,11.85,406,0,-0.264,-1.23,-1.66,-0.11,-0.148,-0.254,-0.337,34.24,38.17
"2022-12-28 07:30:00",3954,11.84,406,0,-0.26,-1.21,-1.64,-0.108,-0.146,-0.25,-0.339,34.4,37.81
"2022-12-28 08:00:00",3955,11.85,406,0,-0.254,-1.15,-1.64,-0.103,-0.146,-0.256,-0.338,33.43,37.51
"2022-12-28 08:30:00",3956,11.84,406,0,-0.259,-1.21,-1.63,-0.108,-0.146,-0.257,-0.339,33.23,37.99
"2022-12-28 09:00:00",3957,11.84,406,0,-0.255,-1.17,-1.63,-0.104,-0.145,-0.258,-0.337,33.68,37.61
"2022-12-28 09:30:00",3958,11.84,406,0,-0.259,-1.22,-1.62,-0.109,-0.144,-0.25,-0.335,34.56,37.96
"2022-12-28 10:00:00",3959,11.84,406,0,-0.226,-0.89,-1.61,-0.079,-0.144,-0.202,-0.332,42.48,39.03
"2022-12-28 10:30:00",3960,11.92,406,0,-0.397,-2.42,-1.85,-0.215,-0.165,-0.331,-0.339,36.94,38.08
"2022-12-28 11:00:00",3961,11.89,406,0,-0.315,-1.55,-1.89,-0.138,-0.168,-0.293,-0.365,27.55,34.81
"2022-12-28 11:30:00",3962,11.93,406,0,-0.146,0.17,-1.88,0.015,-0.167,-0.179,-0.408,28.62,31.85
"2022-12-28 12:00:00",3963,11.94,406,0,0.257,4.04,-1.58,0.357,-0.141,-0.018,-0.438,34.44,30.17
"2022-12-28 12:30:00",3964,11.91,406,0,0.034,1.61,-1.41,0.143,-0.125,-0.025,-0.472,45.53,28.75
"2022-12-28 13:00:00",3965,11.91,406,0,-0.233,-0.88,-1.7,-0.079,-0.151,-0.225,-0.496,38.33,28.88
"2022-12-28 13:30:00",3966,12.02,406,0,-0.153,-0.07,-1.69,-0.007,-0.151,-0.123,-0.467,47.33,30.54
"2022-12-28 14:00:00",3967,11.96,406,0,-0.3,-1.3,-2,-0.116,-0.178,-0.217,-0.436,42.18,33.16
"2022-12-28 14:30:00",3968,11.93,406,0,-0.282,-1.08,-2.04,-0.096,-0.182,-0.2,-0.406,42.39,35.04
"2022-12-28 15:00:00",3969,11.91,406,0,-0.297,-1.2,-2.07,-0.107,-0.184,-0.208,-0.385,42.59,37.33
"2022-12-28 15:30:00",3970,11.91,406,0,-0.297,-1.19,-2.08,-0.106,-0.185,-0.208,-0.369,42.99,38.55
"2022-12-28 16:00:00",3971,11.9,406,0,-0.3,-1.21,-2.1,-0.108,-0.187,-0.208,-0.364,41.85,39.51
"2022-12-28 16:30:00",3972,11.89,406,0,-0.3,-1.27,-2.03,-0.113,-0.181,-0.212,-0.356,42.51,39.9
"2022-12-28 17:00:00",3973,11.89,406,0,-0.3,-1.29,-2.01,-0.115,-0.179,-0.212,-0.353,42.72,39.85
"2022-12-28 17:30:00",3974,11.88,406,0,-0.297,-1.27,-1.99,-0.113,-0.177,-0.21,-0.352,42.01,40.81
"2022-12-28 18:00:00",3975,11.88,406,0,-0.302,-1.3,-2.02,-0.116,-0.179,-0.208,-0.351,43.08,40.46
"2022-12-28 18:30:00",3976,11.87,406,0,-0.311,-1.36,-2.05,-0.121,-0.182,-0.215,-0.355,42.62,40
"2022-12-28 19:00:00",3977,11.87,406,0,-0.315,-1.32,-2.15,-0.118,-0.191,-0.213,-0.359,43.63,40.02
"2022-12-28 19:30:00",3978,11.86,406,0,-0.339,-1.52,-2.2,-0.136,-0.196,-0.226,-0.371,41.79,39.33
"2022-12-28 20:00:00",3979,11.86,406,0,-0.274,-1.05,-1.98,-0.094,-0.176,-0.204,-0.369,41.95,39.08
"2022-12-28 20:30:00",3980,11.85,406,0,-0.267,-1.07,-1.88,-0.096,-0.167,-0.205,-0.359,42.37,39.34
"2022-12-28 21:00:00",3981,11.85,406,0,-0.282,-1.15,-1.96,-0.102,-0.174,-0.22,-0.363,40.87,39.25
"2022-12-28 21:30:00",3982,11.84,406,0,-0.236,-0.84,-1.78,-0.075,-0.159,-0.191,-0.352,40.7,39.49
"2022-12-28 22:00:00",3983,11.84,406,0,-0.303,-1.3,-2.03,-0.116,-0.18,-0.22,-0.37,38.97,39.02
"2022-12-28 22:30:00",3984,11.84,406,0,-0.302,-1.38,-1.93,-0.123,-0.172,-0.231,-0.363,39.7,39.17
"2022-12-28 23:00:00",3985,11.83,406,0,-0.227,-0.66,-1.87,-0.059,-0.166,-0.186,-0.359,38.98,38.87
"2022-12-28 23:30:00",3986,11.83,406,0,-0.276,-1.16,-1.88,-0.104,-0.167,-0.218,-0.365,39.12,39.17
"2022-12-29 00:00:00",3987,11.83,406,0,-0.253,-0.89,-1.92,-0.08,-0.171,-0.217,-0.366,36.79,39.2
"2022-12-29 00:30:00",3988,11.83,406,0,-0.258,-0.91,-1.95,-0.082,-0.173,-0.232,-0.37,36.54,38.79
"2022-12-29 01:00:00",3989,11.83,406,0,-0.26,-0.9,-1.98,-0.08,-0.176,-0.217,-0.369,36.97,38.38
"2022-12-29 01:30:00",3990,11.83,406,0,-0.266,-0.99,-1.95,-0.088,-0.174,-0.238,-0.367,35.64,39.14
"2022-12-29 02:00:00",3991,11.82,406,0,-0.324,-1.43,-2.12,-0.127,-0.188,-0.269,-0.376,36.69,38.26
"2022-12-29 02:30:00",3992,11.82,406,0,-0.287,-1.14,-2.03,-0.102,-0.181,-0.233,-0.367,39.37,39.11
"2022-12-29 03:00:00",3993,11.83,406,0,-0.293,-1.22,-2,-0.109,-0.178,-0.232,-0.365,39,38.74
"2022-12-29 03:30:00",3994,11.82,406,0,-0.295,-1.23,-2.02,-0.11,-0.179,-0.249,-0.368,37.36,39.34
"2022-12-29 04:00:00",3995,11.82,406,0,-0.316,-1.42,-2.05,-0.127,-0.182,-0.26,-0.372,38.15,39.15
"2022-12-29 04:30:00",3996,11.82,406,0,-0.289,-1.17,-2.01,-0.105,-0.179,-0.229,-0.366,39.31,38.79
"2022-12-29 05:00:00",3997,11.82,406,0,-0.303,-1.31,-2.02,-0.117,-0.18,-0.231,-0.363,40,39.74
"2022-12-29 05:30:00",3998,11.82,406,0,-0.313,-1.41,-2.02,-0.125,-0.179,-0.231,-0.362,40.32,39.53
"2022-12-29 06:00:00",3999,11.82,406,0,-0.299,-1.28,-2.01,-0.115,-0.178,-0.234,-0.364,39.83,39.31
"2022-12-29 06:30:00",4000,11.81,406,0,-0.308,-1.39,-1.99,-0.124,-0.177,-0.228,-0.359,39.79,39.27
"2022-12-29 07:00:00",4001,11.81,406,0,-0.307,-1.4,-1.96,-0.124,-0.174,-0.23,-0.358,40.22,39.7
"2022-12-29 07:30:00",4002,11.81,406,0,-0.282,-1.14,-1.97,-0.101,-0.175,-0.211,-0.36,40.67,39.47
"2022-12-29 08:00:00",4003,11.8,406,0,-0.29,-1.23,-1.96,-0.109,-0.174,-0.218,-0.362,39.73,39.63
"2022-12-29 08:30:00",4004,11.8,406,0,-0.296,-1.21,-2.05,-0.108,-0.182,-0.241,-0.366,36.22,38.47
"2022-12-29 09:00:00",4005,11.8,406,0,-0.317,-1.33,-2.16,-0.119,-0.192,-0.211,-0.361,42.62,39.74
"2022-12-29 09:30:00",4006,11.8,406,0,-0.312,-1.3,-2.13,-0.116,-0.19,-0.203,-0.353,45.32,40.46
"2022-12-29 10:00:00",4007,11.81,406,0,-0.27,-1.02,-1.97,-0.091,-0.176,-0.181,-0.341,47.26,40.63
"2022-12-29 10:30:00",4008,11.87,406,0,-0.27,-1.09,-1.89,-0.098,-0.168,-0.17,-0.327,48.67,42.89
"2022-12-29 11:00:00",4009,11.85,406,0,-0.318,-1.51,-1.97,-0.134,-0.175,-0.234,-0.35,41.85,41.75
"2022-12-29 11:30:00",4010,11.89,406,0,-0.308,-1.47,-1.9,-0.131,-0.169,-0.202,-0.328,48.32,43.21
"2022-12-29 12:00:00",4011,11.89,406,0,-0.062,0.83,-1.65,0.074,-0.147,-99,-0.318,-99,42.46
"2022-12-29 12:30:00",4012,11.86,406,0,0.034,1.57,-1.37,0.139,-0.122,-99,-0.3,-99,43.59
"2022-12-29 13:00:00",4013,11.86,406,0,-0.291,-1.27,-1.93,-0.113,-0.172,-0.224,-0.355,40.91,40.8
"2022-12-29 13:30:00",4014,11.97,406,0,-0.106,0.28,-1.54,0.025,-0.137,-0.057,-0.318,59.35,43.4
"2022-12-29 14:00:00",4015,11.91,406,0,-0.256,-1.02,-1.8,-0.091,-0.16,-0.203,-0.343,42.21,41.43
"2022-12-29 14:30:00",4016,11.88,406,0,-0.249,-0.94,-1.81,-0.084,-0.161,-0.195,-0.346,42.84,41.07
"2022-12-29 15:00:00",4017,11.87,406,0,-0.258,-1.01,-1.84,-0.09,-0.163,-0.197,-0.345,43.21,40.86
"2022-12-29 15:30:00",4018,11.85,406,0,-0.255,-0.96,-1.86,-0.086,-0.166,-0.194,-0.345,42.49,41.55
"2022-12-29 16:00:00",4019,11.85,406,0,-0.268,-1.05,-1.91,-0.094,-0.17,-0.201,-0.347,42.12,40.92
"2022-12-29 16:30:00",4020,11.84,406,0,-0.278,-1.15,-1.91,-0.103,-0.17,-0.212,-0.35,42.55,40.78
"2022-12-29 17:00:00",4021,11.84,406,0,-0.272,-1.1,-1.9,-0.098,-0.169,-0.213,-0.353,41.65,40.45
"2022-12-29 17:30:00",4022,11.83,406,0,-0.285,-1.19,-1.95,-0.106,-0.173,-0.212,-0.355,41.56,40.46
"2022-12-29 18:00:00",4023,11.83,406,0,-0.276,-1.12,-1.92,-0.1,-0.171,-0.203,-0.351,41.51,40.57
"2022-12-29 18:30:00",4024,11.82,406,0,-0.289,-1.2,-1.98,-0.107,-0.177,-0.216,-0.351,42.3,40.94
"2022-12-29 19:00:00",4025,11.82,406,0,-0.291,-1.27,-1.93,-0.113,-0.172,-0.213,-0.352,42.82,41.2
"2022-12-29 19:30:00",4026,11.81,406,0,-0.288,-1.26,-1.9,-0.112,-0.169,-0.213,-0.347,43.29,41.1
"2022-12-29 20:00:00",4027,11.81,406,0,-0.289,-1.25,-1.92,-0.112,-0.171,-0.213,-0.349,42.71,41.2
"2022-12-29 20:30:00",4028,11.8,406,0,-0.292,-1.27,-1.94,-0.113,-0.173,-0.212,-0.348,43.77,41.16
"2022-12-29 21:00:00",4029,11.8,406,0,-0.291,-1.27,-1.93,-0.113,-0.172,-0.21,-0.35,43.47,40.86
"2022-12-29 21:30:00",4030,11.8,406,0,-0.292,-1.3,-1.9,-0.116,-0.169,-0.212,-0.346,42.98,41.46
"2022-12-29 22:00:00",4031,11.79,406,0,-0.294,-1.3,-1.93,-0.116,-0.171,-0.212,-0.345,43.52,40.91
"2022-12-29 22:30:00",4032,11.79,406,0,-0.288,-1.26,-1.9,-0.113,-0.169,-0.207,-0.347,43.05,41.27
"2022-12-29 23:00:00",4033,11.79,406,0,-0.289,-1.25,-1.92,-0.112,-0.171,-0.208,-0.343,43.5,40.74
"2022-12-29 23:30:00",4034,11.78,406,0,-0.287,-1.28,-1.87,-0.114,-0.166,-0.208,-0.343,43.26,41.64
"2022-12-30 00:00:00",4035,11.78,406,0,-0.282,-1.25,-1.84,-0.111,-0.164,-0.206,-0.339,42.84,41.48
"2022-12-30 00:30:00",4036,11.78,406,0,-0.285,-1.23,-1.9,-0.109,-0.169,-0.204,-0.342,44.56,41.95
"2022-12-30 01:00:00",4037,11.78,406,0,-0.282,-1.22,-1.88,-0.109,-0.168,-0.203,-0.341,44.67,41.38
"2022-12-30 01:30:00",4038,11.78,406,0,-0.289,-1.27,-1.9,-0.113,-0.169,-0.21,-0.34,43.19,41.57
"2022-12-30 02:00:00",4039,11.78,406,0,-0.281,-1.2,-1.89,-0.108,-0.169,-0.21,-0.345,42.59,41.8
"2022-12-30 02:30:00",4040,11.77,406,0,-0.288,-1.27,-1.89,-0.113,-0.169,-0.21,-0.341,42.95,41.59
"2022-12-30 03:00:00",4041,11.77,406,0,-0.286,-1.24,-1.9,-0.111,-0.169,-0.208,-0.342,42.52,42.15
"2022-12-30 03:30:00",4042,11.77,406,0,-0.288,-1.28,-1.88,-0.114,-0.168,-0.209,-0.345,43.21,41.43
"2022-12-30 04:00:00",4043,11.77,406,0,-0.295,-1.29,-1.95,-0.115,-0.173,-0.214,-0.347,42.03,40.67
"2022-12-30 04:30:00",4044,11.77,406,0,-0.287,-1.24,-1.91,-0.111,-0.17,-0.206,-0.344,42.82,41.72
"2022-12-30 05:00:00",4045,11.76,406,0,-0.288,-1.27,-1.89,-0.114,-0.168,-0.208,-0.342,43.65,41.45
"2022-12-30 05:30:00",4046,11.77,406,0,-0.291,-1.27,-1.92,-0.114,-0.17,-0.208,-0.346,43.99,40.8
"2022-12-30 06:00:00",4047,11.76,406,0,-0.29,-1.3,-1.88,-0.116,-0.168,-0.21,-0.345,43.22,41.44
"2022-12-30 06:30:00",4048,11.76,406,0,-0.288,-1.26,-1.9,-0.112,-0.169,-0.207,-0.343,43.55,41.35
"2022-12-30 07:00:00",4049,11.76,406,0,-0.287,-1.26,-1.89,-0.112,-0.169,-0.207,-0.339,42.69,41.75
"2022-12-30 07:30:00",4050,11.75,406,0,-0.287,-1.24,-1.91,-0.111,-0.17,-0.206,-0.341,44.09,41.9
"2022-12-30 08:00:00",4051,11.75,406,0,-0.289,-1.27,-1.9,-0.113,-0.169,-0.203,-0.34,44.36,41.49
"2022-12-30 08:30:00",4052,11.75,406,0,-0.254,-0.99,-1.81,-0.088,-0.161,-0.188,-0.337,44.87,41.68
"2022-12-30 09:00:00",4053,11.75,406,0,-0.245,-0.9,-1.81,-0.081,-0.161,-0.178,-0.331,45.05,42.44
"2022-12-30 09:30:00",4054,11.75,406,0,-0.215,-0.68,-1.72,-0.061,-0.153,-0.151,-0.321,47.85,43.15
"2022-12-30 10:00:00",4055,11.75,406,0,-0.182,-0.37,-1.68,-0.034,-0.15,-0.125,-0.318,48.44,42.49
"2022-12-30 10:30:00",4056,11.81,406,0,-0.168,-0.36,-1.53,-0.032,-0.136,-0.103,-0.296,53.06,45.04
"2022-12-30 11:00:00",4057,11.79,406,0,-0.178,-0.28,-1.74,-0.025,-0.154,-0.143,-0.325,44.57,42.8
"2022-12-30 11:30:00",4058,11.84,406,0,-0.225,-0.74,-1.76,-0.066,-0.157,-0.151,-0.316,48.15,43.88
"2022-12-30 12:00:00",4059,11.84,406,0,-0.054,0.96,-1.71,0.085,-0.152,-0.075,-0.323,53.18,43.09
"2022-12-30 12:30:00",4060,11.82,406,0,0.058,1.83,-1.39,0.162,-0.124,-99,-0.3,-99,45.09
"2022-12-30 13:00:00",4061,11.81,406,0,-0.267,-0.98,-1.97,-0.088,-0.175,-0.208,-0.353,40.42,41.15
"2022-12-30 13:30:00",4062,11.91,406,0,-0.047,0.9,-1.56,0.08,-0.139,-99,-0.318,-99,43.45
"2022-12-30 14:00:00",4063,11.85,406,0,-0.231,-0.75,-1.82,-0.067,-0.162,-0.18,-0.343,43.52,41.5
"2022-12-30 14:30:00",4064,11.84,406,0,-0.214,-0.57,-1.83,-0.051,-0.163,-0.167,-0.341,43.22,41.2
"2022-12-30 15:00:00",4065,11.82,406,0,-0.239,-0.8,-1.86,-0.072,-0.165,-0.18,-0.342,42.88,41.68
"2022-12-30 15:30:00",4066,11.81,406,0,-0.236,-0.77,-1.86,-0.069,-0.166,-0.182,-0.345,43.08,41.47
"2022-12-30 16:00:00",4067,11.8,406,0,-0.275,-1.1,-1.93,-0.098,-0.172,-0.205,-0.348,43.15,41.38
"2022-12-30 16:30:00",4068,11.8,406,0,-0.291,-1.25,-1.95,-0.112,-0.173,-0.216,-0.354,42.49,41.13
"2022-12-30 17:00:00",4069,11.79,406,0,-0.297,-1.26,-2.01,-0.113,-0.178,-0.22,-0.356,42.3,41.2
"2022-12-30 17:30:00",4070,11.79,406,0,-0.301,-1.31,-2,-0.117,-0.178,-0.221,-0.357,41.67,41.15
"2022-12-30 18:00:00",4071,11.79,406,0,-0.305,-1.36,-1.99,-0.121,-0.177,-0.221,-0.357,42.63,41.28
"2022-12-30 18:30:00",4072,11.78,406,0,-0.309,-1.39,-2,-0.124,-0.178,-0.224,-0.357,42.18,40.98
"2022-12-30 19:00:00",4073,11.78,406,0,-0.298,-1.33,-1.94,-0.119,-0.173,-0.217,-0.354,42.22,41.28
"2022-12-30 19:30:00",4074,11.78,406,0,-0.306,-1.38,-1.97,-0.123,-0.175,-0.215,-0.349,42.54,41.6
"2022-12-30 20:00:00",4075,11.77,406,0,-0.303,-1.36,-1.96,-0.121,-0.174,-0.216,-0.348,43,41.07
"2022-12-30 20:30:00",4076,11.77,406,0,-0.297,-1.35,-1.9,-0.12,-0.169,-0.213,-0.343,44.37,41.92
"2022-12-30 21:00:00",4077,11.76,406,0,-0.305,-1.39,-1.95,-0.124,-0.173,-0.216,-0.342,42.74,42.06
"2022-12-30 21:30:00",4078,11.76,406,0,-0.297,-1.35,-1.9,-0.12,-0.169,-0.218,-0.346,43.34,41.15
"2022-12-30 22:00:00",4079,11.76,406,0,-0.3,-1.35,-1.94,-0.12,-0.172,-0.218,-0.348,43.6,41.14
"2022-12-30 22:30:00",4080,11.75,406,0,-0.302,-1.38,-1.93,-0.123,-0.172,-0.22,-0.348,42.93,41.16
"2022-12-30 23:00:00",4081,11.75,406,0,-0.301,-1.37,-1.93,-0.122,-0.172,-0.217,-0.346,42.93,41.42
"2022-12-30 23:30:00",4082,11.75,406,0,-0.299,-1.36,-1.92,-0.122,-0.171,-0.214,-0.347,42.35,41.57
"2022-12-31 00:00:00",4083,11.74,406,0,-0.301,-1.39,-1.91,-0.124,-0.17,-0.216,-0.346,42.78,41.84
"2022-12-31 00:30:00",4084,11.74,406,0,-0.296,-1.31,-1.94,-0.117,-0.173,-0.21,-0.343,44.2,42.16
"2022-12-31 01:00:00",4085,11.74,406,0,-0.292,-1.34,-1.86,-0.119,-0.165,-0.205,-0.337,43.23,41.46
"2022-12-31 01:30:00",4086,11.74,406,0,-0.294,-1.32,-1.9,-0.118,-0.169,-0.209,-0.336,43.57,41.79
"2022-12-31 02:00:00",4087,11.74,406,0,-0.303,-1.4,-1.92,-0.125,-0.17,-0.22,-0.342,43.77,42.42
"2022-12-31 02:30:00",4088,11.74,406,0,-0.3,-1.36,-1.93,-0.121,-0.172,-0.214,-0.341,43.17,41.97
"2022-12-31 03:00:00",4089,11.74,406,0,-0.296,-1.33,-1.92,-0.119,-0.171,-0.215,-0.342,43.17,41.81
"2022-12-31 03:30:00",4090,11.73,406,0,-0.295,-1.32,-1.92,-0.118,-0.171,-0.206,-0.338,43.75,41.82
"2022-12-31 04:00:00",4091,11.74,406,0,-0.298,-1.38,-1.88,-0.123,-0.167,-0.209,-0.338,43.79,42.7
"2022-12-31 04:30:00",4092,11.73,406,0,-0.293,-1.34,-1.87,-0.119,-0.166,-0.211,-0.34,44.14,41.53
"2022-12-31 05:00:00",4093,11.73,406,0,-0.295,-1.36,-1.87,-0.121,-0.166,-0.212,-0.337,43.71,41.94
"2022-12-31 05:30:00",4094,11.73,406,0,-0.288,-1.32,-1.84,-0.118,-0.164,-0.201,-0.331,47.02,41.24
"2022-12-31 06:00:00",4095,11.73,406,0,-0.292,-1.37,-1.82,-0.122,-0.162,-0.203,-0.332,44.11,42.18
"2022-12-31 06:30:00",4096,11.73,406,0,-0.293,-1.35,-1.86,-0.12,-0.165,-0.209,-0.335,43.8,42.18
"2022-12-31 07:00:00",4097,11.73,406,0,-0.293,-1.36,-1.85,-0.121,-0.165,-0.207,-0.335,45.1,41.67
"2022-12-31 07:30:00",4098,11.73,406,0,-0.287,-1.28,-1.87,-0.114,-0.167,-0.209,-0.336,43.73,41.96
"2022-12-31 08:00:00",4099,11.73,406,0,-0.292,-1.31,-1.89,-0.117,-0.169,-0.209,-0.335,44.2,42.43
"2022-12-31 08:30:00",4100,11.73,406,0,-0.292,-1.29,-1.91,-0.115,-0.17,-0.23,-0.348,40.69,41.42
"2022-12-31 09:00:00",4101,11.73,406,0,-0.304,-1.39,-1.94,-0.123,-0.173,-0.22,-0.35,43.51,41.74
"2022-12-31 09:30:00",4102,11.72,406,0,-0.304,-1.39,-1.94,-0.124,-0.173,-0.213,-0.342,43.76,41.57
"2022-12-31 10:00:00",4103,11.72,406,0,-0.295,-1.32,-1.91,-0.118,-0.17,-0.205,-0.34,44.11,42.34
"2022-12-31 10:30:00",4104,11.72,406,0,-0.294,-1.38,-1.84,-0.123,-0.164,-0.209,-0.331,46.15,42.15
"2022-12-31 11:00:00",4105,11.72,406,0,-0.289,-1.33,-1.84,-0.118,-0.164,-0.203,-0.332,45.01,42.98
"2022-12-31 11:30:00",4106,11.72,406,0,-0.297,-1.38,-1.87,-0.123,-0.166,-0.212,-0.338,44.53,42.09
"2022-12-31 12:00:00",4107,11.72,406,0,-0.306,-1.45,-1.9,-0.129,-0.169,-0.218,-0.338,43.81,41.47
"2022-12-31 12:30:00",4108,11.72,406,0,-0.291,-1.3,-1.89,-0.116,-0.168,-0.212,-0.339,44.75,41.73
"2022-12-31 13:00:00",4109,11.71,406,0,-0.304,-1.44,-1.89,-0.128,-0.168,-0.215,-0.338,43.55,42.61
"2022-12-31 13:30:00",4110,11.71,406,0,-0.301,-1.39,-1.91,-0.124,-0.17,-0.216,-0.345,43.08,42.41
"2022-12-31 14:00:00",4111,11.71,406,0,-0.306,-1.44,-1.91,-0.129,-0.17,-0.217,-0.344,44.16,41.98
"2022-12-31 14:30:00",4112,11.71,406,0,-0.303,-1.37,-1.95,-0.122,-0.173,-0.217,-0.344,42.99,41.64
"2022-12-31 15:00:00",4113,11.71,406,0,-0.301,-1.38,-1.92,-0.123,-0.171,-0.215,-0.341,43.08,42.56
"2022-12-31 15:30:00",4114,11.71,406,0,-0.303,-1.39,-1.93,-0.124,-0.172,-0.219,-0.343,42.96,41.87
"2022-12-31 16:00:00",4115,11.7,406,0,-0.305,-1.43,-1.91,-0.128,-0.17,-0.217,-0.342,43.28,41.25
"2022-12-31 16:30:00",4116,11.7,406,0,-0.299,-1.37,-1.91,-0.122,-0.17,-0.215,-0.344,42.56,42.04
"2022-12-31 17:00:00",4117,11.7,406,0,-0.296,-1.34,-1.91,-0.119,-0.17,-0.215,-0.342,43.61,41.84
"2022-12-31 17:30:00",4118,11.7,406,0,-0.3,-1.34,-1.95,-0.12,-0.173,-0.215,-0.343,42.94,42
"2022-12-31 18:00:00",4119,11.7,406,0,-0.297,-1.34,-1.92,-0.12,-0.171,-0.215,-0.344,44.4,41.64
"2022-12-31 18:30:00",4120,11.69,406,0,-0.3,-1.37,-1.92,-0.122,-0.171,-0.215,-0.344,44.23,42.46
"2022-12-31 19:00:00",4121,11.69,406,0,-0.303,-1.37,-1.95,-0.122,-0.173,-0.215,-0.347,44.29,41.43
"2022-12-31 19:30:00",4122,11.69,406,0,-0.298,-1.34,-1.93,-0.12,-0.171,-0.218,-0.344,43.47,41.02
"2022-12-31 20:00:00",4123,11.69,406,0,-0.3,-1.35,-1.94,-0.121,-0.172,-0.214,-0.343,43.21,41.7
"2022-12-31 20:30:00",4124,11.69,406,0,-0.299,-1.33,-1.95,-0.119,-0.174,-0.215,-0.346,43,41.38
"2022-12-31 21:00:00",4125,11.69,406,0,-0.301,-1.37,-1.93,-0.122,-0.172,-0.217,-0.344,43.53,42.02
"2022-12-31 21:30:00",4126,11.68,406,0,-0.302,-1.38,-1.93,-0.123,-0.172,-0.213,-0.341,43.81,41.47
"2022-12-31 22:00:00",4127,11.68,406,0,-0.301,-1.37,-1.93,-0.122,-0.171,-0.215,-0.344,42.79,41.44
"2022-12-31 22:30:00",4128,11.68,406,0,-0.307,-1.4,-1.96,-0.125,-0.174,-0.217,-0.345,43.42,42.48
"2022-12-31 23:00:00",4129,11.68,406,0,-0.302,-1.33,-1.99,-0.118,-0.177,-0.217,-0.349,42.34,41.4
"2022-12-31 23:30:00",4130,11.68,406,0,-0.306,-1.35,-2.01,-0.121,-0.179,-0.223,-0.355,42.94,41.43
"2023-01-01 00:00:00",4131,11.67,406,0,-0.306,-1.38,-1.97,-0.123,-0.175,-0.224,-0.354,42.94,40.9
"2023-01-01 00:30:00",4132,11.67,406,0,-0.304,-1.36,-1.97,-0.121,-0.175,-0.217,-0.35,42.46,41.37
"2023-01-01 01:00:00",4133,11.67,406,0,-0.308,-1.38,-2,-0.123,-0.178,-0.221,-0.354,42.27,41.18
"2023-01-01 01:30:00",4134,11.66,406,0,-0.302,-1.37,-1.94,-0.122,-0.172,-0.218,-0.348,43.47,42.12
"2023-01-01 02:00:00",4135,11.66,406,0,-0.308,-1.42,-1.95,-0.126,-0.174,-0.216,-0.345,43.41,41.06
"2023-01-01 02:30:00",4136,11.66,406,0,-0.306,-1.4,-1.95,-0.124,-0.174,-0.215,-0.343,43.15,41.38
"2023-01-01 03:00:00",4137,11.66,406,0,-0.303,-1.39,-1.93,-0.124,-0.172,-0.217,-0.345,43.46,41.43
"2023-01-01 03:30:00",4138,11.65,406,0,-0.304,-1.37,-1.96,-0.122,-0.175,-0.22,-0.348,42.54,41.19
"2023-01-01 04:00:00",4139,11.65,406,0,-0.301,-1.38,-1.92,-0.123,-0.171,-0.219,-0.346,43.37,42.02
"2023-01-01 04:30:00",4140,11.65,406,0,-0.303,-1.38,-1.94,-0.123,-0.172,-0.216,-0.348,42.49,41.29
"2023-01-01 05:00:00",4141,11.65,406,0,-0.305,-1.38,-1.96,-0.123,-0.174,-0.221,-0.349,43.06,41.13
"2023-01-01 05:30:00",4142,11.65,406,0,-0.302,-1.34,-1.97,-0.12,-0.175,-0.216,-0.35,42.84,41.07
"2023-01-01 06:00:00",4143,11.64,406,0,-0.31,-1.42,-1.97,-0.126,-0.175,-0.219,-0.348,42.55,41.61
"2023-01-01 06:30:00",4144,11.64,406,0,-0.307,-1.42,-1.94,-0.127,-0.172,-0.217,-0.346,42.96,41.44
"2023-01-01 07:00:00",4145,11.64,406,0,-0.303,-1.38,-1.94,-0.123,-0.172,-0.22,-0.346,42.76,41.98
"2023-01-01 07:30:00",4146,11.63,406,0,-0.309,-1.43,-1.95,-0.127,-0.174,-0.217,-0.346,43.54,41.5
"2023-01-01 08:00:00",4147,11.63,406,0,-0.301,-1.38,-1.92,-0.123,-0.171,-0.214,-0.341,44.69,41.82
"2023-01-01 08:30:00",4148,11.63,406,0,-0.301,-1.39,-1.91,-0.124,-0.17,-0.215,-0.341,43.5,41.99
"2023-01-01 09:00:00",4149,11.62,406,0,-0.309,-1.41,-1.97,-0.125,-0.175,-0.216,-0.347,43.22,41.03
"2023-01-01 09:30:00",4150,11.63,406,0,-0.287,-1.25,-1.9,-0.111,-0.169,-0.204,-0.338,44.03,41.99
"2023-01-01 10:00:00",4151,11.64,406,0,-0.305,-1.42,-1.92,-0.127,-0.17,-0.214,-0.339,43.58,42.49
"2023-01-01 10:30:00",4152,11.69,406,0,-0.28,-1.31,-1.75,-0.117,-0.155,-0.183,-0.311,49.82,43.62
"2023-01-01 11:00:00",4153,11.71,406,0,-0.295,-1.33,-1.9,-0.119,-0.169,-0.229,-0.344,42.1,42.41
"2023-01-01 11:30:00",4154,11.78,406,0,-0.31,-1.42,-1.97,-0.127,-0.175,-0.21,-0.337,45.52,42.5
"2023-01-01 12:00:00",4155,11.75,406,0,-0.226,-0.69,-1.83,-0.062,-0.163,-0.195,-0.336,43.42,42.07
"2023-01-01 12:30:00",4156,11.72,406,0,0.09,2.28,-1.52,0.202,-0.135,-99,-0.325,-99,42.58
"2023-01-01 13:00:00",4157,11.69,406,0,-0.308,-1.3,-2.09,-0.116,-0.186,-0.243,-0.369,38.96,40.94
"2023-01-01 13:30:00",4158,11.77,406,0,-0.131,0.23,-1.77,0.02,-0.158,-0.096,-0.341,49.72,42.53
"2023-01-01 14:00:00",4159,11.74,406,0,-0.244,-0.87,-1.83,-0.077,-0.163,-0.19,-0.348,43.16,40.97
"2023-01-01 14:30:00",4160,11.72,406,0,-0.227,-0.61,-1.93,-0.055,-0.171,-0.175,-0.351,42.16,40.96
"2023-01-01 15:00:00",4161,11.7,406,0,-0.206,-0.45,-1.87,-0.041,-0.167,-0.163,-0.347,43.98,41.22
"2023-01-01 15:30:00",4162,11.68,406,0,-0.215,-0.58,-1.83,-0.052,-0.163,-0.167,-0.343,44.06,41.71
"2023-01-01 16:00:00",4163,11.66,406,0,-0.245,-0.81,-1.91,-0.072,-0.17,-0.182,-0.349,43.22,41.61
"2023-01-01 16:30:00",4164,11.65,406,0,-0.282,-1.15,-1.96,-0.103,-0.174,-0.207,-0.353,42.41,41.21
"2023-01-01 17:00:00",4165,11.65,406,0,-0.29,-1.21,-1.98,-0.108,-0.176,-0.215,-0.355,42.22,41.44
"2023-01-01 17:30:00",4166,11.64,406,0,-0.317,-1.45,-2.02,-0.129,-0.18,-0.227,-0.36,41.7,41.18
"2023-01-01 18:00:00",4167,11.63,406,0,-0.302,-1.34,-1.97,-0.119,-0.176,-0.221,-0.355,41.78,40.42
"2023-01-01 18:30:00",4168,11.63,406,0,-0.31,-1.42,-1.98,-0.126,-0.176,-0.224,-0.355,42.03,40.83
"2023-01-01 19:00:00",4169,11.63,406,0,-0.31,-1.4,-2,-0.125,-0.177,-0.223,-0.354,42.21,41.69
"2023-01-01 19:30:00",4170,11.62,406,0,-0.316,-1.47,-1.99,-0.131,-0.177,-0.226,-0.353,41.74,41.22
"2023-01-01 20:00:00",4171,11.61,406,0,-0.312,-1.41,-2.01,-0.126,-0.179,-0.219,-0.353,42.32,40.96
"2023-01-01 20:30:00",4172,11.61,406,0,-0.302,-1.38,-1.93,-0.123,-0.172,-0.22,-0.35,41.76,41.08
"2023-01-01 21:00:00",4173,11.61,406,0,-0.308,-1.39,-1.99,-0.124,-0.177,-0.217,-0.35,43.8,41.03
"2023-01-01 21:30:00",4174,11.61,406,0,-0.296,-1.3,-1.95,-0.116,-0.173,-0.206,-0.344,44.51,41.74
"2023-01-01 22:00:00",4175,11.6,406,0,-0.302,-1.39,-1.92,-0.124,-0.171,-0.21,-0.341,44.55,40.69
"2023-01-01 22:30:00",4176,11.6,406,0,-0.292,-1.29,-1.92,-0.115,-0.17,-0.213,-0.343,43.09,41.16
"2023-01-01 23:00:00",4177,11.6,406,0,-0.297,-1.32,-1.94,-0.117,-0.173,-0.21,-0.344,43.36,42
"2023-01-01 23:30:00",4178,11.6,406,0,-0.298,-1.34,-1.93,-0.12,-0.172,-0.214,-0.344,43.46,41.27
"2023-01-02 00:00:00",4179,11.6,406,0,-0.297,-1.32,-1.94,-0.118,-0.173,-0.213,-0.344,43.77,41.58
"2023-01-02 00:30:00",4180,11.59,406,0,-0.293,-1.3,-1.92,-0.116,-0.171,-0.213,-0.342,44.8,41.36
"2023-01-02 01:00:00",4181,11.59,406,0,-0.304,-1.39,-1.94,-0.124,-0.172,-0.218,-0.347,42.63,41.53
"2023-01-02 01:30:00",4182,11.59,406,0,-0.299,-1.36,-1.92,-0.121,-0.171,-0.219,-0.348,43.26,41.23
"2023-01-02 02:00:00",4183,11.59,406,0,-0.298,-1.36,-1.91,-0.121,-0.17,-0.213,-0.343,43,42.06
"2023-01-02 02:30:00",4184,11.58,406,0,-0.297,-1.33,-1.93,-0.119,-0.172,-0.216,-0.343,42.96,42.29
"2023-01-02 03:00:00",4185,11.58,406,0,-0.296,-1.33,-1.92,-0.118,-0.171,-0.213,-0.345,42.7,41.34
"2023-01-02 03:30:00",4186,11.58,406,0,-0.298,-1.36,-1.9,-0.121,-0.169,-0.213,-0.344,43.47,41.86
"2023-01-02 04:00:00",4187,11.58,406,0,-0.298,-1.34,-1.93,-0.119,-0.172,-0.214,-0.347,44.25,41.64
"2023-01-02 04:30:00",4188,11.57,406,0,-0.301,-1.37,-1.93,-0.123,-0.172,-0.214,-0.343,44.1,41.49
"2023-01-02 05:00:00",4189,11.58,406,0,-0.307,-1.39,-1.97,-0.124,-0.175,-0.218,-0.346,43.62,41.59
"2023-01-02 05:30:00",4190,11.57,406,0,-0.303,-1.4,-1.92,-0.124,-0.171,-0.221,-0.345,43.02,41.66
"2023-01-02 06:00:00",4191,11.57,406,0,-0.309,-1.43,-1.95,-0.128,-0.174,-0.219,-0.349,43.23,41.71
"2023-01-02 06:30:00",4192,11.57,406,0,-0.304,-1.37,-1.96,-0.122,-0.174,-0.217,-0.347,42.82,41.04
"2023-01-02 07:00:00",4193,11.56,406,0,-0.306,-1.38,-1.97,-0.123,-0.175,-0.221,-0.348,42.97,40.78
"2023-01-02 07:30:00",4194,11.57,406,0,-0.3,-1.35,-1.94,-0.12,-0.173,-0.216,-0.348,43.49,41.29
"2023-01-02 08:00:00",4195,11.56,406,0,-0.295,-1.32,-1.91,-0.117,-0.17,-0.208,-0.341,44.73,41.44
"2023-01-02 08:30:00",4196,11.56,406,0,-0.29,-1.26,-1.92,-0.112,-0.17,-0.208,-0.343,44.25,42.06
"2023-01-02 09:00:00",4197,11.56,406,0,-0.265,-1.08,-1.84,-0.096,-0.164,-0.189,-0.339,44.61,42
"2023-01-02 09:30:00",4198,11.55,406,0,-0.226,-0.73,-1.78,-0.065,-0.159,-0.164,-0.332,46.15,42.29
"2023-01-02 10:00:00",4199,11.56,406,0,-0.197,-0.5,-1.71,-0.045,-0.152,-0.142,-0.325,46.44,42.58
"2023-01-02 10:30:00",4200,11.63,406,0,-0.166,-0.36,-1.51,-0.033,-0.134,-0.09,-0.293,57.03,45.51
"2023-01-02 11:00:00",4201,11.62,406,0,-0.156,-0.13,-1.66,-0.012,-0.147,-0.142,-0.322,44.29,42.78
"2023-01-02 11:30:00",4202,11.69,406,0,-0.194,-0.42,-1.76,-0.038,-0.157,-0.12,-0.317,48,43.16
"2023-01-02 12:00:00",4203,11.67,406,0,-0.13,0.1,-1.61,0.009,-0.144,-0.12,-0.317,44.81,43.04
"2023-01-02 12:30:00",4204,11.65,406,0,0.101,2.34,-1.46,0.207,-0.13,-99,-0.308,-99,44.16
"2023-01-02 13:00:00",4205,11.63,406,0,-0.215,-0.49,-1.93,-0.044,-0.172,-0.2,-0.358,39.4,40.39
"2023-01-02 13:30:00",4206,11.7,406,0,-0.174,-0.18,-1.81,-0.017,-0.161,-0.13,-0.34,46.96,41.18
"2023-01-02 14:00:00",4207,11.67,406,0,-0.195,-0.39,-1.81,-0.035,-0.161,-0.16,-0.347,43.14,41.11
"2023-01-02 14:30:00",4208,11.63,406,0,-0.2,-0.42,-1.84,-0.038,-0.164,-0.158,-0.348,43.66,41.32
"2023-01-02 15:00:00",4209,11.62,406,0,-0.214,-0.52,-1.88,-0.047,-0.167,-0.161,-0.348,44.3,41.85
"2023-01-02 15:30:00",4210,11.6,406,0,-0.23,-0.68,-1.89,-0.061,-0.168,-0.177,-0.347,43.15,41.64
"2023-01-02 16:00:00",4211,11.59,406,0,-0.268,-1,-1.96,-0.09,-0.174,-0.202,-0.354,42.88,41.94
"2023-01-02 16:30:00",4212,11.58,406,0,-0.284,-1.2,-1.92,-0.107,-0.171,-0.216,-0.354,41.41,40.88
"2023-01-02 17:00:00",4213,11.58,406,0,-0.296,-1.25,-2,-0.112,-0.178,-0.217,-0.356,42.84,41.64
"2023-01-02 17:30:00",4214,11.58,406,0,-0.303,-1.33,-2,-0.119,-0.178,-0.22,-0.356,42.38,41.03
"2023-01-02 18:00:00",4215,11.57,406,0,-0.312,-1.39,-2.03,-0.124,-0.181,-0.224,-0.357,42.39,40.62
"2023-01-02 18:30:00",4216,11.57,406,0,-0.3,-1.33,-1.96,-0.119,-0.174,-0.22,-0.353,43.07,41.3
"2023-01-02 19:00:00",4217,11.57,406,0,-0.311,-1.4,-2.01,-0.125,-0.178,-0.217,-0.352,42.67,41.88
"2023-01-02 19:30:00",4218,11.56,406,0,-0.305,-1.35,-2,-0.12,-0.178,-0.221,-0.354,42.97,41.2
"2023-01-02 20:00:00",4219,11.56,406,0,-0.299,-1.35,-1.93,-0.12,-0.172,-0.215,-0.351,43.04,41
"2023-01-02 20:30:00",4220,11.55,406,0,-0.295,-1.3,-1.94,-0.116,-0.172,-0.215,-0.349,43.08,41.15
"2023-01-02 21:00:00",4221,11.55,406,0,-0.299,-1.31,-1.97,-0.117,-0.175,-0.213,-0.348,44.08,41.63
"2023-01-02 21:30:00",4222,11.55,406,0,-0.294,-1.33,-1.89,-0.118,-0.168,-0.212,-0.344,42.76,42.24
"2023-01-02 22:00:00",4223,11.54,406,0,-0.292,-1.29,-1.92,-0.115,-0.17,-0.206,-0.342,44.82,42.22
"2023-01-02 22:30:00",4224,11.54,406,0,-0.293,-1.32,-1.89,-0.117,-0.168,-0.211,-0.34,43.6,42.67
"2023-01-02 23:00:00",4225,11.53,406,0,-0.294,-1.3,-1.93,-0.116,-0.172,-0.21,-0.344,43.78,41.17
"2023-01-02 23:30:00",4226,11.54,406,0,-0.298,-1.34,-1.93,-0.12,-0.172,-0.215,-0.346,42.73,41.38
"2023-01-03 00:00:00",4227,11.53,406,0,-0.295,-1.33,-1.91,-0.119,-0.17,-0.215,-0.346,41.66,41.71
"2023-01-03 00:30:00",4228,11.53,406,0,-0.298,-1.33,-1.94,-0.119,-0.173,-0.215,-0.347,42.72,41.52
"2023-01-03 01:00:00",4229,11.53,406,0,-0.298,-1.33,-1.94,-0.118,-0.172,-0.215,-0.345,43.79,41.44
"2023-01-03 01:30:00",4230,11.53,406,0,-0.295,-1.3,-1.94,-0.116,-0.173,-0.213,-0.347,43.32,41.97
"2023-01-03 02:00:00",4231,11.52,406,0,-0.297,-1.32,-1.94,-0.117,-0.172,-0.212,-0.347,43.23,40.89
"2023-01-03 02:30:00",4232,11.52,406,0,-0.285,-1.27,-1.86,-0.113,-0.165,-0.203,-0.339,44.55,41.68
"2023-01-03 03:00:00",4233,11.52,406,0,-0.29,-1.34,-1.84,-0.119,-0.163,-0.205,-0.334,45.14,41.7
"2023-01-03 03:30:00",4234,11.52,406,0,-0.285,-1.24,-1.89,-0.11,-0.168,-0.205,-0.339,43.26,41.64
"2023-01-03 04:00:00",4235,11.51,406,0,-0.289,-1.28,-1.89,-0.114,-0.168,-0.209,-0.34,43.81,42.87
"2023-01-03 04:30:00",4236,11.51,406,0,-0.286,-1.26,-1.88,-0.113,-0.167,-0.205,-0.34,43.31,41.13
"2023-01-03 05:00:00",4237,11.51,406,0,-0.285,-1.22,-1.91,-0.109,-0.17,-0.204,-0.343,44.51,41.74
"2023-01-03 05:30:00",4238,11.51,406,0,-0.291,-1.26,-1.94,-0.113,-0.172,-0.21,-0.342,42.94,42.26
"2023-01-03 06:00:00",4239,11.51,406,0,-0.301,-1.39,-1.91,-0.124,-0.17,-0.215,-0.344,43.43,40.83
"2023-01-03 06:30:00",4240,11.5,406,0,-0.303,-1.37,-1.95,-0.122,-0.173,-0.216,-0.347,41.82,41.72
"2023-01-03 07:00:00",4241,11.5,406,0,-0.305,-1.4,-1.94,-0.125,-0.172,-0.215,-0.346,43.84,42.33
"2023-01-03 07:30:00",4242,11.5,406,0,-0.289,-1.28,-1.89,-0.114,-0.168,-0.207,-0.341,44.47,42.12
"2023-01-03 08:00:00",4243,11.5,406,0,-0.286,-1.24,-1.9,-0.111,-0.169,-0.204,-0.337,44.76,42.31
"2023-01-03 08:30:00",4244,11.5,406,0,-0.279,-1.17,-1.9,-0.104,-0.169,-0.195,-0.337,43.97,42.36
"2023-01-03 09:00:00",4245,11.49,406,0,-0.252,-0.97,-1.81,-0.087,-0.161,-0.176,-0.331,43.9,43.95
"2023-01-03 09:30:00",4246,11.5,406,0,-0.229,-0.77,-1.77,-0.069,-0.158,-0.164,-0.328,44.31,43.64
"2023-01-03 10:00:00",4247,11.5,406,0,-0.2,-0.51,-1.73,-0.046,-0.154,-0.145,-0.328,45.69,45.17
"2023-01-03 10:30:00",4248,11.51,406,0,-0.194,-0.44,-1.74,-0.04,-0.155,-0.146,-0.331,47.04,41.52
"2023-01-03 11:00:00",4249,11.51,406,0,-0.2,-0.52,-1.72,-0.047,-0.153,-0.153,-0.328,47.04,41.52
"2023-01-03 11:30:00",4250,11.5,406,0,-0.214,-0.6,-1.79,-0.054,-0.159,-0.157,-0.333,42.94,42.26
"2023-01-03 12:00:00",4251,11.49,406,0,-0.225,-0.66,-1.85,-0.059,-0.165,-0.171,-0.339,43.18,42.25
"2023-01-03 12:30:00",4252,11.49,406,0,-0.215,-0.6,-1.8,-0.054,-0.16,-0.158,-0.335,44.85,41.15
"2023-01-03 13:00:00",4253,11.49,406,0,-0.231,-0.74,-1.83,-0.066,-0.163,-0.175,-0.34,44.13,42.21
"2023-01-03 13:30:00",4254,11.49,406,0,-0.23,-0.79,-1.76,-0.071,-0.157,-0.169,-0.334,43.9,43.12
"2023-01-03 14:00:00",4255,11.48,406,0,-0.217,-0.62,-1.8,-0.056,-0.16,-0.156,-0.332,46.59,42.89
"2023-01-03 14:30:00",4256,11.49,406,0,-0.208,-0.58,-1.75,-0.053,-0.156,-0.157,-0.332,43.53,42.33
"2023-01-03 15:00:00",4257,11.48,406,0,-0.217,-0.62,-1.81,-0.055,-0.161,-0.168,-0.338,44.11,42.34
"2023-01-03 15:30:00",4258,11.48,406,0,-0.223,-0.66,-1.83,-0.059,-0.163,-0.166,-0.34,43.85,40.41
"2023-01-03 16:00:00",4259,11.48,406,0,-0.246,-0.88,-1.85,-0.079,-0.165,-0.178,-0.342,44.08,41.32
"2023-01-03 16:30:00",4260,11.48,406,0,-0.27,-1.07,-1.91,-0.095,-0.17,-0.192,-0.345,44.38,41.36
"2023-01-03 17:00:00",4261,11.47,406,0,-0.289,-1.24,-1.94,-0.11,-0.173,-0.205,-0.347,42.77,42.82
"2023-01-03 17:30:00",4262,11.47,406,0,-0.289,-1.25,-1.92,-0.111,-0.171,-0.203,-0.34,42.78,42.83
"2023-01-03 18:00:00",4263,11.47,406,0,-0.287,-1.25,-1.9,-0.112,-0.169,-0.197,-0.335,40.77,40.67
"2023-01-03 18:30:00",4264,11.47,406,0,-0.278,-1.17,-1.89,-0.104,-0.168,-0.198,-0.337,47.42,40.66
"2023-01-03 19:00:00",4265,11.46,406,0,-0.293,-1.35,-1.86,-0.12,-0.166,-0.208,-0.337,48.68,42.33
"2023-01-03 19:30:00",4266,11.46,406,0,-0.301,-1.36,-1.94,-0.121,-0.173,-0.204,-0.342,40.67,40.57
"2023-01-03 20:00:00",4267,11.46,406,0,-0.291,-1.28,-1.91,-0.114,-0.17,-0.203,-0.343,41.93,41.41
"2023-01-03 20:30:00",4268,11.46,406,0,-0.287,-1.21,-1.95,-0.108,-0.173,-0.203,-0.346,43.35,43.09
"2023-01-03 21:00:00",4269,11.46,406,0,-0.295,-1.32,-1.92,-0.117,-0.171,-0.206,-0.341,46.75,41.92
"2023-01-03 21:30:00",4270,11.46,406,0,-0.301,-1.34,-1.96,-0.12,-0.175,-0.216,-0.348,45.22,41.22
"2023-01-03 22:00:00",4271,11.45,406,0,-0.292,-1.29,-1.91,-0.115,-0.17,-0.207,-0.345,42.72,42.77
"2023-01-03 22:30:00",4272,11.45,406,0,-0.293,-1.3,-1.91,-0.116,-0.17,-0.21,-0.343,42.58,42.73
"2023-01-03 23:00:00",4273,11.45,406,0,-0.29,-1.25,-1.94,-0.112,-0.172,-0.204,-0.344,44.1,41.65
"2023-01-03 23:30:00",4274,11.44,406,0,-0.295,-1.32,-1.92,-0.117,-0.171,-0.212,-0.344,43.1,42.84
"2023-01-04 00:00:00",4275,11.44,406,0,-0.294,-1.28,-1.95,-0.114,-0.173,-0.203,-0.342,44.82,40.81
"2023-01-04 00:30:00",4276,11.44,406,0,-0.286,-1.22,-1.93,-0.109,-0.172,-0.205,-0.347,41.69,41.85
"2023-01-04 01:00:00",4277,11.44,406,0,-0.298,-1.32,-1.95,-0.118,-0.174,-0.218,-0.349,43.59,41.4
"2023-01-04 01:30:00",4278,11.43,406,0,-0.303,-1.37,-1.95,-0.122,-0.173,-0.219,-0.347,41.71,41.45
"2023-01-04 02:00:00",4279,11.43,406,0,-0.298,-1.33,-1.94,-0.119,-0.173,-0.21,-0.346,41.87,41.77
"2023-01-04 02:30:00",4280,11.43,406,0,-0.296,-1.34,-1.9,-0.12,-0.169,-0.211,-0.343,45.58,41.72
"2023-01-04 03:00:00",4281,11.42,406,0,-0.291,-1.3,-1.89,-0.116,-0.168,-0.214,-0.347,43.74,40.87
"2023-01-04 03:30:00",4282,11.42,406,0,-0.293,-1.3,-1.91,-0.116,-0.17,-0.203,-0.342,42.86,42.18
"2023-01-04 04:00:00",4283,11.42,406,0,-0.292,-1.33,-1.87,-0.118,-0.166,-0.207,-0.335,45.79,42.93
"2023-01-04 04:30:00",4284,11.41,406,0,-0.283,-1.23,-1.88,-0.109,-0.168,-0.206,-0.341,44.71,42.1
"2023-01-04 05:00:00",4285,11.41,406,0,-0.293,-1.32,-1.89,-0.117,-0.168,-0.21,-0.339,42.99,41.9
"2023-01-04 05:30:00",4286,11.41,406,0,-0.295,-1.29,-1.95,-0.115,-0.173,-0.213,-0.347,42.98,42.46
"2023-01-04 06:00:00",4287,11.4,406,0,-0.299,-1.33,-1.95,-0.119,-0.173,-0.211,-0.343,42.32,42.21
"2023-01-04 06:30:00",4288,11.41,406,0,-0.293,-1.31,-1.9,-0.117,-0.169,-0.209,-0.342,44.13,41.95
"2023-01-04 07:00:00",4289,11.4,406,0,-0.292,-1.28,-1.93,-0.114,-0.172,-0.21,-0.343,44,41.24
"2023-01-04 07:30:00",4290,11.4,406,0,-0.295,-1.31,-1.93,-0.117,-0.172,-0.21,-0.345,43.17,41.97
"2023-01-04 08:00:00",4291,11.4,406,0,-0.284,-1.23,-1.89,-0.109,-0.168,-0.203,-0.34,44.33,41.88
"2023-01-04 08:30:00",4292,11.39,406,0,-0.267,-1.06,-1.88,-0.094,-0.167,-0.188,-0.337,43.78,42.16
"2023-01-04 09:00:00",4293,11.39,406,0,-0.246,-0.89,-1.84,-0.08,-0.164,-0.174,-0.334,47.75,42.65
"2023-01-04 09:30:00",4294,11.39,406,0,-0.232,-0.8,-1.77,-0.071,-0.158,-0.169,-0.329,44.22,43.02
"2023-01-04 10:00:00",4295,11.39,406,0,-0.189,-0.4,-1.73,-0.036,-0.154,-0.129,-0.324,48.34,41.99
"2023-01-04 10:30:00",4296,11.42,406,0,-0.212,-0.64,-1.72,-0.058,-0.153,-0.16,-0.322,44.69,41.93
"2023-01-04 11:00:00",4297,11.4,406,0,-0.218,-0.6,-1.84,-0.054,-0.164,-0.168,-0.341,45.25,42.38
"2023-01-04 11:30:00",4298,11.44,406,0,-0.209,-0.58,-1.76,-0.053,-0.156,-0.141,-0.326,45.8,42.78
"2023-01-04 12:00:00",4299,11.4,406,0,-0.222,-0.68,-1.8,-0.061,-0.161,-0.168,-0.336,46.06,41.22
"2023-01-04 12:30:00",4300,11.39,406,0,-0.234,-0.8,-1.8,-0.072,-0.161,-0.172,-0.338,44.5,41.9
"2023-01-04 13:00:00",4301,11.39,406,0,-0.253,-0.89,-1.92,-0.079,-0.17,-0.187,-0.347,43.42,43.17
"2023-01-04 13:30:00",4302,11.39,406,0,-0.252,-0.91,-1.88,-0.081,-0.167,-0.185,-0.343,43.47,41.03
"2023-01-04 14:00:00",4303,11.38,406,0,-0.277,-1.13,-1.92,-0.101,-0.17,-0.197,-0.345,42.84,42.06
"2023-01-04 14:30:00",4304,11.38,406,0,-0.276,-1.16,-1.88,-0.103,-0.167,-0.204,-0.344,43.66,40.64
"2023-01-04 15:00:00",4305,11.38,406,0,-0.267,-1.06,-1.89,-0.094,-0.168,-0.191,-0.34,43.84,41.65
"2023-01-04 15:30:00",4306,11.37,406,0,-0.278,-1.14,-1.92,-0.102,-0.17,-0.203,-0.346,43.65,41.05
"2023-01-04 16:00:00",4307,11.37,406,0,-0.295,-1.31,-1.93,-0.117,-0.172,-0.213,-0.349,41.41,41.3
"2023-01-04 16:30:00",4308,11.37,406,0,-0.297,-1.33,-1.93,-0.119,-0.171,-0.213,-0.347,43.65,42.14
"2023-01-04 17:00:00",4309,11.36,406,0,-0.294,-1.32,-1.9,-0.117,-0.169,-0.206,-0.343,43.5,42.98
"2023-01-04 17:30:00",4310,11.36,406,0,-0.29,-1.26,-1.93,-0.112,-0.172,-0.204,-0.343,44.41,42.07
"2023-01-04 18:00:00",4311,11.36,406,0,-0.282,-1.17,-1.93,-0.105,-0.172,-0.203,-0.35,45.05,41.04
"2023-01-04 18:30:00",4312,11.35,406,0,-0.306,-1.38,-1.98,-0.123,-0.176,-0.219,-0.353,42,41.48
"2023-01-04 19:00:00",4313,11.35,406,0,-0.304,-1.33,-2.01,-0.119,-0.179,-0.219,-0.356,43.42,40.97
"2023-01-04 19:30:00",4314,11.35,406,0,-0.307,-1.39,-1.98,-0.124,-0.176,-0.212,-0.345,43.83,40.97
"2023-01-04 20:00:00",4315,11.34,406,0,-0.302,-1.39,-1.92,-0.124,-0.171,-0.218,-0.347,42.1,41.74
"2023-01-04 20:30:00",4316,11.34,406,0,-0.298,-1.32,-1.95,-0.117,-0.173,-0.215,-0.35,43.62,40.6
"2023-01-04 21:00:00",4317,11.33,406,0,-0.306,-1.37,-1.99,-0.122,-0.177,-0.216,-0.347,43.99,40.55
"2023-01-04 21:30:00",4318,11.33,406,0,-0.298,-1.34,-1.93,-0.119,-0.172,-0.211,-0.345,42.72,42.77
"2023-01-04 22:00:00",4319,11.33,406,0,-0.323,-1.52,-2.01,-0.135,-0.179,-0.224,-0.352,43.04,41.11
"2023-01-04 22:30:00",4320,11.33,406,0,-0.3,-1.34,-1.95,-0.119,-0.173,-0.214,-0.347,43.99,41.39
"2023-01-04 23:00:00",4321,11.32,406,0,-0.304,-1.36,-1.97,-0.121,-0.175,-0.216,-0.348,42.71,41.93
"2023-01-04 23:30:00",4322,11.32,406,0,-0.297,-1.35,-1.9,-0.12,-0.169,-0.212,-0.344,42.18,41.66
"2023-01-05 00:00:00",4323,11.31,406,0,-0.302,-1.4,-1.91,-0.125,-0.17,-0.216,-0.344,43.26,42.33
"2023-01-05 00:30:00",4324,11.32,406,0,-0.302,-1.34,-1.97,-0.119,-0.175,-0.214,-0.344,41.92,41.56
"2023-01-05 01:00:00",4325,11.31,406,0,-0.297,-1.32,-1.94,-0.118,-0.173,-0.21,-0.348,43.51,41.59
"2023-01-05 01:30:00",4326,11.3,406,0,-0.308,-1.4,-1.97,-0.125,-0.175,-0.213,-0.347,43.2,42.68
"2023-01-05 02:00:00",4327,11.3,406,0,-0.301,-1.35,-1.95,-0.12,-0.173,-0.215,-0.346,42.33,41.81
"2023-01-05 02:30:00",4328,11.29,406,0,-0.295,-1.29,-1.95,-0.115,-0.173,-0.217,-0.348,42.18,41.66
"2023-01-05 03:00:00",4329,11.29,406,0,-0.305,-1.37,-1.97,-0.122,-0.175,-0.214,-0.349,42.86,42.5
"2023-01-05 03:30:00",4330,11.29,406,0,-0.298,-1.33,-1.94,-0.118,-0.172,-0.217,-0.349,43.28,41.51
"2023-01-05 04:00:00",4331,11.29,406,0,-0.302,-1.36,-1.95,-0.121,-0.174,-0.216,-0.351,42.62,41.42
"2023-01-05 04:30:00",4332,11.28,406,0,-0.297,-1.33,-1.93,-0.119,-0.172,-0.215,-0.345,43.51,41.73
"2023-01-05 05:00:00",4333,11.28,406,0,-0.303,-1.35,-1.97,-0.121,-0.175,-0.216,-0.35,43.45,41.26
"2023-01-05 05:30:00",4334,11.28,406,0,-0.311,-1.45,-1.95,-0.129,-0.174,-0.223,-0.349,43.3,41.27
"2023-01-05 06:00:00",4335,11.27,406,0,-0.306,-1.37,-1.98,-0.122,-0.176,-0.217,-0.349,42.84,40.81
"2023-01-05 06:30:00",4336,11.27,406,0,-0.3,-1.31,-1.98,-0.117,-0.176,-0.216,-0.349,44.04,40.76
"2023-01-05 07:00:00",4337,11.26,406,0,-0.31,-1.42,-1.97,-0.126,-0.175,-0.219,-0.347,43.14,41.53
"2023-01-05 07:30:00",4338,11.26,406,0,-0.301,-1.37,-1.93,-0.122,-0.172,-0.215,-0.345,44.03,41.84
"2023-01-05 08:00:00",4339,11.25,406,0,-0.299,-1.31,-1.97,-0.117,-0.175,-0.213,-0.348,43.37,41.76
"2023-01-05 08:30:00",4340,11.25,406,0,-0.3,-1.35,-1.94,-0.12,-0.173,-0.213,-0.345,43.55,41.62
"2023-01-05 09:00:00",4341,11.24,406,0,-0.292,-1.31,-1.89,-0.117,-0.168,-0.205,-0.341,45.1,41.92
"2023-01-05 09:30:00",4342,11.24,406,0,-0.3,-1.39,-1.89,-0.124,-0.168,-0.212,-0.335,43.7,42.6
"2023-01-05 10:00:00",4343,11.24,406,0,-0.248,-0.92,-1.82,-0.083,-0.162,-0.173,-0.331,45.94,42.92
"2023-01-05 10:30:00",4344,11.33,406,0,-0.175,-0.39,-1.58,-0.035,-0.141,-0.109,-0.306,51.66,44.89
"2023-01-05 11:00:00",4345,11.35,406,0,-0.202,-0.56,-1.7,-0.05,-0.151,-0.157,-0.326,44.11,42.19
"2023-01-05 11:30:00",4346,11.38,406,0,-0.191,-0.37,-1.79,-0.034,-0.159,-0.148,-0.328,45.95,42.93
"2023-01-05 12:00:00",4347,11.31,406,0,-0.123,0.22,-1.67,0.02,-0.149,-0.108,-0.331,44.11,41.92
"2023-01-05 12:30:00",4348,11.27,406,0,-0.171,-0.18,-1.77,-0.017,-0.157,-0.149,-0.34,43.81,41.47
"2023-01-05 13:00:00",4349,11.26,406,0,-0.162,-0.13,-1.72,-0.013,-0.153,-0.128,-0.336,45.22,41.94
"2023-01-05 13:30:00",4350,11.25,406,0,-0.149,-0.08,-1.63,-0.008,-0.145,-0.099,-0.318,50.19,43.68
"2023-01-05 14:00:00",4351,11.3,406,0,-0.14,0.11,-1.74,0.009,-0.155,-0.115,-0.335,44.83,42.22
"2023-01-05 14:30:00",4352,11.29,406,0,-0.171,-0.18,-1.77,-0.017,-0.157,-0.136,-0.338,43.94,42.17
"2023-01-05 15:00:00",4353,11.26,406,0,-0.16,-0.1,-1.73,-0.01,-0.154,-0.134,-0.335,44.72,41.86
"2023-01-05 15:30:00",4354,11.25,406,0,-0.242,-0.78,-1.91,-0.07,-0.17,-0.183,-0.347,43.67,41.07
"2023-01-05 16:00:00",4355,11.24,406,0,-0.265,-0.97,-1.96,-0.086,-0.174,-0.197,-0.35,43.15,41.54
"2023-01-05 16:30:00",4356,11.24,406,0,-0.279,-1.13,-1.94,-0.1,-0.173,-0.207,-0.35,42.71,40.93
"2023-01-05 17:00:00",4357,11.24,406,0,-0.293,-1.22,-2,-0.109,-0.178,-0.217,-0.358,41.71,41.03
"2023-01-05 17:30:00",4358,11.23,406,0,-0.3,-1.29,-2.01,-0.115,-0.179,-0.219,-0.359,42.25,41.31
"2023-01-05 18:00:00",4359,11.22,406,0,-0.296,-1.25,-2.01,-0.111,-0.179,-0.216,-0.357,41.85,40.34
"2023-01-05 18:30:00",4360,11.22,406,0,-0.299,-1.28,-2.01,-0.114,-0.179,-0.221,-0.358,42.07,40.87
"2023-01-05 19:00:00",4361,11.22,406,0,-0.295,-1.25,-1.99,-0.112,-0.177,-0.213,-0.355,42.76,40.99
"2023-01-05 19:30:00",4362,11.2,406,0,-0.307,-1.38,-1.99,-0.123,-0.177,-0.22,-0.352,41.99,41.47
"2023-01-05 20:00:00",4363,11.2,406,0,-0.3,-1.32,-1.97,-0.118,-0.175,-0.219,-0.355,42.56,40.94
"2023-01-05 20:30:00",4364,11.19,406,0,-0.306,-1.39,-1.96,-0.124,-0.174,-0.221,-0.35,42.09,41.15
"2023-01-05 21:00:00",4365,11.19,406,0,-0.305,-1.38,-1.96,-0.123,-0.174,-0.221,-0.353,42.43,41.49
"2023-01-05 21:30:00",4366,11.18,406,0,-0.305,-1.36,-1.99,-0.121,-0.177,-0.222,-0.354,42.31,40.69
"2023-01-05 22:00:00",4367,11.18,406,0,-0.302,-1.33,-1.99,-0.119,-0.177,-0.22,-0.353,43.27,41.08
"2023-01-05 22:30:00",4368,11.17,406,0,-0.306,-1.35,-2.01,-0.121,-0.178,-0.219,-0.35,42.9,41.38
"2023-01-05 23:00:00",4369,11.16,406,0,-0.307,-1.39,-1.97,-0.124,-0.175,-0.216,-0.35,42.54,41.86
"2023-01-05 23:30:00",4370,11.16,406,0,-0.307,-1.42,-1.94,-0.127,-0.172,-0.215,-0.35,42.02,42.07
"2023-01-06 00:00:00",4371,11.15,406,0,-0.299,-1.33,-1.95,-0.118,-0.174,-0.214,-0.345,43.11,42.02
"2023-01-06 00:30:00",4372,11.15,406,0,-0.3,-1.36,-1.93,-0.121,-0.172,-0.214,-0.347,43.83,41.79
"2023-01-06 01:00:00",4373,11.15,406,0,-0.302,-1.4,-1.91,-0.125,-0.17,-0.217,-0.346,43.48,41.29
"2023-01-06 01:30:00",4374,11.14,406,0,-0.307,-1.39,-1.98,-0.124,-0.176,-0.226,-0.352,42.55,41.04
"2023-01-06 02:00:00",4375,11.13,406,0,-0.297,-1.31,-1.95,-0.117,-0.173,-0.213,-0.352,43,41.65
"2023-01-06 02:30:00",4376,11.13,406,0,-0.297,-1.35,-1.91,-0.121,-0.17,-0.207,-0.339,45.48,42.3
"2023-01-06 03:00:00",4377,11.13,406,0,-0.301,-1.4,-1.9,-0.125,-0.169,-0.212,-0.338,44.85,40.73
"2023-01-06 03:30:00",4378,11.12,406,0,-0.285,-1.25,-1.88,-0.112,-0.167,-0.209,-0.34,43.8,41.76
"2023-01-06 04:00:00",4379,11.12,406,0,-0.291,-1.29,-1.9,-0.115,-0.169,-0.209,-0.343,45.31,42.28
"2023-01-06 04:30:00",4380,11.12,406,0,-0.307,-1.39,-1.98,-0.124,-0.176,-0.214,-0.347,43.95,40.67
"2023-01-06 05:00:00",4381,11.12,406,0,-0.31,-1.42,-1.98,-0.127,-0.176,-0.22,-0.347,41.95,41.59
"2023-01-06 05:30:00",4382,11.11,406,0,-0.296,-1.33,-1.92,-0.118,-0.171,-0.21,-0.345,44.24,41.89
"2023-01-06 06:00:00",4383,11.1,406,0,-0.298,-1.34,-1.93,-0.12,-0.172,-0.214,-0.346,43.5,41.99
"2023-01-06 06:30:00",4384,11.1,406,0,-0.313,-1.46,-1.97,-0.13,-0.175,-0.223,-0.346,42.27,40.91
"2023-01-06 07:00:00",4385,11.09,406,0,-0.314,-1.47,-1.96,-0.131,-0.174,-0.23,-0.352,42.79,41.43
"2023-01-06 07:30:00",4386,11.08,406,0,-0.305,-1.39,-1.95,-0.124,-0.174,-0.219,-0.352,43.4,41.05
"2023-01-06 08:00:00",4387,11.07,406,0,-0.299,-1.37,-1.9,-0.122,-0.169,-0.213,-0.343,44,42.07
"2023-01-06 08:30:00",4388,11.07,406,0,-0.298,-1.36,-1.9,-0.121,-0.169,-0.202,-0.337,45.62,42.17
"2023-01-06 09:00:00",4389,11.06,406,0,-0.28,-1.19,-1.89,-0.106,-0.168,-0.194,-0.335,45.8,42.2
"2023-01-06 09:30:00",4390,11.06,406,0,-0.281,-1.2,-1.89,-0.107,-0.168,-0.198,-0.335,44.78,42.59
"2023-01-06 10:00:00",4391,11.06,406,0,-0.252,-0.98,-1.8,-0.088,-0.16,-0.186,-0.327,46.19,42.33
"2023-01-06 10:30:00",4392,11.07,406,0,-0.216,-0.63,-1.78,-0.057,-0.158,-0.16,-0.331,43.49,41.04
"2023-01-06 11:00:00",4393,11.06,406,0,-0.176,-0.29,-1.71,-0.027,-0.153,-0.131,-0.331,45.52,42.91
"2023-01-06 11:30:00",4394,11.05,406,0,-0.125,0.18,-1.65,0.016,-0.147,-0.094,-0.324,49.27,43.33
"2023-01-06 12:00:00",4395,11.05,406,0,-0.124,0.28,-1.75,0.025,-0.156,-0.1,-0.335,44.06,41.87
"2023-01-06 12:30:00",4396,11.04,406,0,-0.141,0.12,-1.76,0.011,-0.156,-0.118,-0.338,42.7,42.17
"2023-01-06 13:00:00",4397,11.03,406,0,-0.153,-0.06,-1.7,-0.006,-0.151,-0.115,-0.334,47.22,43.78
"2023-01-06 13:30:00",4398,11.07,406,0,-0.151,-0.03,-1.71,-0.003,-0.152,-0.121,-0.329,44.55,41.79
"2023-01-06 14:00:00",4399,11.03,406,0,-0.148,0.04,-1.75,0.004,-0.156,-0.118,-0.334,42.71,42.86
"2023-01-06 14:30:00",4400,11.02,406,0,-0.181,-0.28,-1.77,-0.025,-0.158,-0.146,-0.339,44.08,40.89
"2023-01-06 15:00:00",4401,11.01,406,0,-0.203,-0.46,-1.82,-0.042,-0.162,-0.156,-0.34,44.98,41.54
"2023-01-06 15:30:00",4402,11.01,406,0,-0.211,-0.55,-1.82,-0.049,-0.162,-0.162,-0.34,43.88,41.28
"2023-01-06 16:00:00",4403,11.01,406,0,-0.222,-0.61,-1.87,-0.054,-0.166,-0.171,-0.345,43.34,40.99
"2023-01-06 16:30:00",4404,10.99,406,0,-0.232,-0.71,-1.88,-0.064,-0.167,-0.169,-0.344,44.39,41.52
"2023-01-06 17:00:00",4405,10.99,406,0,-0.253,-0.92,-1.88,-0.083,-0.167,-0.186,-0.343,44.09,41.32
"2023-01-06 17:30:00",4406,10.97,406,0,-0.258,-0.95,-1.91,-0.085,-0.17,-0.195,-0.35,42.69,41.07
"2023-01-06 18:00:00",4407,10.96,406,0,-0.28,-1.16,-1.92,-0.104,-0.171,-0.201,-0.346,43.12,41.76
"2023-01-06 18:30:00",4408,10.97,406,0,-0.279,-1.16,-1.91,-0.104,-0.17,-0.202,-0.344,43.05,40.86
"2023-01-06 19:00:00",4409,10.96,406,0,-0.286,-1.22,-1.93,-0.109,-0.172,-0.206,-0.346,42.54,42.44
"2023-01-06 19:30:00",4410,10.94,406,0,-0.283,-1.21,-1.9,-0.108,-0.169,-0.202,-0.344,43.44,40.98
"2023-01-06 20:00:00",4411,10.93,406,0,-0.278,-1.14,-1.92,-0.102,-0.171,-0.204,-0.346,43.85,41.5
"2023-01-06 20:30:00",4412,10.92,406,0,-0.286,-1.21,-1.94,-0.108,-0.173,-0.206,-0.346,43.58,40.55
"2023-01-06 21:00:00",4413,10.92,406,0,-0.288,-1.22,-1.95,-0.109,-0.174,-0.211,-0.345,44.31,41.28
"2023-01-06 21:30:00",4414,10.9,406,0,-0.285,-1.23,-1.9,-0.11,-0.169,-0.212,-0.347,42.46,42.09
"2023-01-06 22:00:00",4415,10.91,406,0,-0.291,-1.29,-1.9,-0.115,-0.169,-0.213,-0.346,42.14,42.04
"2023-01-06 22:30:00",4416,10.89,406,0,-0.289,-1.24,-1.94,-0.111,-0.173,-0.214,-0.35,42.89,40.85
"2023-01-06 23:00:00",4417,10.88,406,0,-0.288,-1.23,-1.94,-0.109,-0.173,-0.206,-0.348,42.64,40.7
"2023-01-06 23:30:00",4418,10.88,406,0,-0.294,-1.3,-1.93,-0.116,-0.172,-0.22,-0.35,41.58,41.63
"2023-01-07 00:00:00",4419,10.86,406,0,-0.296,-1.32,-1.93,-0.118,-0.172,-0.215,-0.351,42.59,41.23
"2023-01-07 00:30:00",4420,10.84,406,0,-0.304,-1.36,-1.97,-0.121,-0.175,-0.221,-0.35,41.55,40.61
"2023-01-07 01:00:00",4421,10.83,406,0,-0.296,-1.3,-1.95,-0.116,-0.174,-0.211,-0.35,42.6,41.24
"2023-01-07 01:30:00",4422,10.82,406,0,-0.286,-1.21,-1.94,-0.108,-0.173,-0.198,-0.343,43.92,41.47
"2023-01-07 02:00:00",4423,10.81,406,0,-0.288,-1.24,-1.92,-0.111,-0.171,-0.207,-0.345,44.2,42.01
"2023-01-07 02:30:00",4424,10.8,406,0,-0.283,-1.22,-1.89,-0.109,-0.169,-0.206,-0.344,43.68,40.81
"2023-01-07 03:00:00",4425,10.8,406,0,-0.286,-1.22,-1.92,-0.109,-0.171,-0.207,-0.342,44.1,41.33
"2023-01-07 03:30:00",4426,10.77,406,0,-0.29,-1.28,-1.9,-0.114,-0.169,-0.215,-0.347,43,41.39
"2023-01-07 04:00:00",4427,10.75,406,0,-0.291,-1.25,-1.95,-0.111,-0.174,-0.211,-0.349,42.02,40.5
"2023-01-07 04:30:00",4428,10.74,406,0,-0.292,-1.26,-1.95,-0.112,-0.174,-0.209,-0.35,42.54,42.02
"2023-01-07 05:00:00",4429,10.72,406,0,-0.29,-1.27,-1.91,-0.114,-0.17,-0.21,-0.344,42.16,41.64
"2023-01-07 05:30:00",4430,10.72,406,0,-0.284,-1.19,-1.94,-0.107,-0.172,-0.208,-0.347,42.59,41.65
"2023-01-07 06:00:00",4431,10.71,406,0,-0.286,-1.21,-1.93,-0.108,-0.171,-0.197,-0.341,43.94,41.33
"2023-01-07 06:30:00",4432,10.67,406,0,-0.287,-1.21,-1.95,-0.108,-0.173,-0.208,-0.346,42.53,41.59
"2023-01-07 07:00:00",4433,10.68,406,0,-0.305,-1.33,-2.02,-0.119,-0.179,-0.215,-0.351,41.65,41.96
"2023-01-07 07:30:00",4434,10.63,406,0,-0.287,-1.25,-1.9,-0.112,-0.169,-0.206,-0.345,43.5,40.88
"2023-01-07 08:00:00",4435,10.64,406,0,-0.271,-1.11,-1.87,-0.099,-0.166,-0.197,-0.343,44.02,41.98
"2023-01-07 08:30:00",4436,10.59,406,0,-0.256,-0.97,-1.86,-0.087,-0.165,-0.184,-0.339,44.74,41.13
"2023-01-07 09:00:00",4437,10.58,406,0,-0.231,-0.75,-1.82,-0.067,-0.162,-0.167,-0.333,44.09,41.48
"2023-01-07 09:30:00",4438,10.54,406,0,-0.213,-0.62,-1.76,-0.056,-0.157,-0.155,-0.331,46.52,41.4
"2023-01-07 10:00:00",4439,10.56,406,0,-0.197,-0.46,-1.75,-0.041,-0.155,-0.147,-0.333,44.57,41.7
"2023-01-07 10:30:00",4440,10.91,406,0,-0.139,-0.19,-1.39,-0.018,-0.124,-99,-0.284,-99,45.36
"2023-01-07 11:00:00",4441,10.87,406,0,-0.182,-0.42,-1.63,-0.038,-0.145,-0.143,-0.324,44.07,43.82
"2023-01-07 11:30:00",4442,11.01,406,0,-0.183,-0.31,-1.76,-0.028,-0.156,-0.13,-0.319,46.92,43.63
"2023-01-07 12:00:00",4443,10.96,406,0,-0.247,-1.06,-1.66,-0.094,-0.148,-0.172,-0.311,44.01,43.49
"2023-01-07 12:30:00",4444,10.96,406,0,0.054,2.03,-1.66,0.18,-0.148,-0.044,-0.318,50.6,42.83
"2023-01-07 13:00:00",4445,10.97,406,0,-0.215,-0.53,-1.88,-0.048,-0.167,-0.201,-0.355,38.15,40.81
"2023-01-07 13:30:00",4446,11.06,406,0,-0.137,0.22,-1.83,0.019,-0.163,-0.099,-0.346,45.82,41.54
"2023-01-07 14:00:00",4447,10.95,406,0,-0.097,0.48,-1.66,0.043,-0.148,-0.089,-0.338,44.42,41.24
"2023-01-07 14:30:00",4448,10.96,406,0,-0.186,-0.25,-1.86,-0.023,-0.166,-0.154,-0.35,43.75,41.15
"2023-01-07 15:00:00",4449,10.9,406,0,-0.187,-0.29,-1.83,-0.027,-0.163,-0.151,-0.347,44.02,41.67
"2023-01-07 15:30:00",4450,10.82,406,0,-0.194,-0.42,-1.76,-0.038,-0.156,-0.138,-0.336,46.51,42.65
"2023-01-07 16:00:00",4451,10.77,406,0,-0.196,-0.39,-1.82,-0.036,-0.162,-0.156,-0.347,43.89,41.29
"2023-01-07 16:30:00",4452,10.73,406,0,-0.236,-0.75,-1.88,-0.067,-0.167,-0.185,-0.353,41.16,41.21
"2023-01-07 17:00:00",4453,10.7,406,0,-0.249,-0.83,-1.94,-0.074,-0.173,-0.194,-0.354,43.16,40.97
"2023-01-07 17:30:00",4454,10.65,406,0,-0.266,-1.01,-1.93,-0.09,-0.172,-0.201,-0.357,42.17,40.65
"2023-01-07 18:00:00",4455,10.64,406,0,-0.279,-1.1,-1.98,-0.099,-0.176,-0.204,-0.354,42.12,40.5
"2023-01-07 18:30:00",4456,10.6,406,0,-0.289,-1.23,-1.95,-0.11,-0.174,-0.219,-0.352,41.98,40.88
"2023-01-07 19:00:00",4457,10.56,406,0,-0.298,-1.28,-1.99,-0.114,-0.177,-0.218,-0.354,41.2,41.25
"2023-01-07 19:30:00",4458,10.5,406,0,-0.295,-1.28,-1.96,-0.115,-0.175,-0.214,-0.352,43.57,41.11
"2023-01-07 20:00:00",4459,10.45,406,0,-0.304,-1.33,-2.01,-0.119,-0.178,-0.217,-0.356,42.06,41.54
"2023-01-07 20:30:00",4460,10.44,406,0,-0.304,-1.37,-1.96,-0.122,-0.174,-0.22,-0.352,42.06,41.54
"2023-01-07 21:00:00",4461,10.33,406,0,-0.295,-1.32,-1.91,-0.118,-0.17,-0.218,-0.353,40.76,41.49
"2023-01-09 11:30:00",4462,9.77,406,0,-0.259,-1.04,-1.82,-0.093,-0.162,-0.173,-0.326,44.49,42.3
"2023-01-09 12:30:00",4463,10.18,406,0,-0.07,0.87,-1.79,0.077,-0.159,-0.148,-0.327,41.63,41.94
"2023-01-09 13:00:00",4464,10.16,406,0,-0.281,-1.09,-2.01,-0.097,-0.179,-0.229,-0.368,38.86,41
"2023-01-09 13:30:00",4465,10.2,406,0,-0.241,-0.91,-1.76,-0.081,-0.156,-0.178,-0.335,45.94,42.5
"2023-01-09 14:00:00",4466,9.98,406,0,-0.213,-0.44,-1.96,-0.04,-0.175,-0.139,-0.344,45.19,42
"2023-01-09 14:30:00",4467,10.02,406,0,-0.21,-0.5,-1.86,-0.045,-0.166,-0.162,-0.346,42.6,39.84
"2023-01-09 15:00:00",4468,9.77,406,0,-0.194,-0.34,-1.85,-0.031,-0.164,-0.157,-0.35,43.13,39.69
"2023-03-08 09:30:00",4469,12.24,406,0,0.032,1.51,-1.32,0.134,-0.118,-99,-0.284,-99,48.8
"2023-03-09 09:30:00",4470,11.67,406,-8.191,-8.191,-8.191,-8.191,-8.191,-8.191,-8.191,-8.191,-8.191,-8.191
"2023-03-09 10:00:00",4471,10.79,406,0,0.052,1.72,-1.33,0.152,-0.119,-99,-0.264,-99,46.91
"2023-03-15 09:30:00",4472,11.76,406,0,-0.186,-0.58,-1.49,-0.052,-0.133,-0.083,-0.283,57,46.44
"2023-03-16 09:30:00",4473,11.58,406,0,-0.187,-0.69,-1.38,-0.062,-0.123,-0.104,-0.273,57.57,46.19
"2023-03-16 10:00:00",4474,10.74,406,0,-0.125,-0.14,-1.29,-0.013,-0.115,-99,-0.224,-99,53.84
"2023-03-16 13:30:00",4475,10.12,406,0,-0.021,0.71,-1.05,0.063,-0.094,-99,-0.257,-99,48.94
"2023-03-16 14:00:00",4476,10.44,406,0,-0.141,0.21,-1.86,0.018,-0.165,-0.15,-0.353,40.18,40.34
"2023-03-19 09:30:00",4477,11.99,406,0,-0.02,1.06,-1.43,0.094,-0.128,-99,-0.286,-99,45.33
"2023-03-19 10:00:00",4478,11.05,406,0,-0.687,-5.76,-1.44,-0.511,-0.128,-0.395,-0.237,39.92,52.35
"2023-03-19 10:30:00",4479,10.32,406,0,-0.241,-1.15,-1.49,-0.102,-0.133,-0.16,-0.26,51.93,48.9
"2023-03-19 11:00:00",4480,10.29,406,0,-0.199,-0.56,-1.67,-0.051,-0.148,-0.157,-0.334,42.21,39.18
"2023-03-19 11:30:00",4481,10.49,406,0,-0.348,-1.92,-1.85,-0.171,-0.165,-0.219,-0.33,44.5,44.4
"2023-03-19 12:00:00",4482,10.03,406,0,-0.422,-2.57,-1.97,-0.229,-0.175,-0.258,-0.344,37.45,42.52
"2023-03-19 13:30:00",4483,10.41,406,0,-0.169,-0.49,-1.4,-0.045,-0.125,-99,-0.279,-99,46.78
"2023-03-19 14:00:00",4484,10.62,406,0,-0.188,-0.18,-1.97,-0.017,-0.175,-0.144,-0.352,44.89,41.03
"2023-03-19 14:30:00",4485,10.5,406,0,-0.452,-3.02,-1.81,-0.268,-0.161,-0.285,-0.296,41.63,41.94
"2023-03-19 15:00:00",4486,10.18,406,0,-0.586,-4.23,-1.99,-0.375,-0.177,-0.334,-0.335,40.6,40.92
"2023-03-20 09:30:00",4487,12.67,406,0,0.036,1.56,-1.34,0.138,-0.12,-99,-0.285,-99,45.3
"2023-03-20 10:00:00",4488,11.12,406,0,-0.317,-2.23,-1.15,-0.198,-0.103,-99,-99,51.17,-99
"2023-03-20 10:30:00",4489,10.69,406,0,-0.38,-2.66,-1.39,-0.237,-0.124,-0.24,-0.236,44.33,53.98
"2023-03-20 11:00:00",4490,10.49,406,0,-0.109,0.55,-1.88,0.049,-0.167,-0.122,-0.358,43,40.65
"2023-03-20 11:30:00",4491,10.71,406,0,-0.215,-0.78,-1.6,-0.07,-0.142,-0.134,-0.315,46.77,43.33
"2023-03-20 12:00:00",4492,10.45,406,0,-0.308,-1.66,-1.68,-0.148,-0.15,-0.204,-0.322,41.97,42.44
"2023-03-20 12:30:00",4493,10.31,406,0,-0.221,-0.62,-1.85,-0.056,-0.164,-0.175,-0.334,40.5,42.74
"2023-03-20 13:00:00",4494,10.24,406,0,-0.21,-0.48,-1.88,-0.043,-0.167,-0.153,-0.346,44.61,41.58
"2023-03-20 13:30:00",4495,10.56,406,0,-0.066,0.45,-1.27,0.04,-0.113,-99,-0.28,-99,46.32
"2023-03-20 14:00:00",4496,10.63,406,0,-0.164,-0.08,-1.8,-0.008,-0.16,-0.124,-0.34,45.89,43.12
"2023-03-20 14:30:00",4497,10.78,406,0,-0.439,-3.24,-1.42,-0.288,-0.127,-0.265,-0.249,45.04,51.76
"2023-03-20 15:00:00",4498,10.44,406,0,-0.562,-4.04,-1.93,-0.359,-0.171,-0.32,-0.336,36.61,43.6
"2023-03-20 15:30:00",4499,10.23,406,0,-0.267,-0.83,-2.14,-0.074,-0.191,-0.177,-0.373,42.96,40.61
"2023-03-20 16:00:00",4500,10.09,406,0,-0.228,-0.67,-1.87,-0.06,-0.166,-0.186,-0.348,42.49,42.64
"2023-03-20 16:30:00",4501,9.87,406,0,-0.242,-0.62,-2.09,-0.056,-0.186,-0.189,-0.37,41.25,41.15
"2023-03-21 09:30:00",4502,12.45,406,0,0.062,1.73,-1.23,0.153,-0.11,-99,-0.273,-99,46.71
"2023-03-21 10:00:00",4503,11.11,406,0,-0.173,-0.83,-1.07,-0.074,-0.095,-99,-99,-99,-99
"2023-03-21 10:30:00",4504,10.83,406,0,-0.427,-3.14,-1.39,-0.278,-0.124,-0.25,-0.241,41.68,52.82
"2023-03-21 11:00:00",4505,10.6,406,0,-0.084,0.75,-1.81,0.067,-0.161,-0.126,-0.349,42.61,42.25
"2023-03-21 11:30:00",4506,10.59,406,0,-0.09,0.24,-1.31,0.022,-0.117,-0.035,-0.289,54.14,44.7
"2023-03-21 12:00:00",4507,10.59,406,0,-0.115,0.13,-1.48,0.011,-0.132,-0.074,-0.304,47.94,44.08
"2023-03-21 12:30:00",4508,10.51,406,0,-0.051,0.8,-1.49,0.071,-0.132,-0.04,-0.304,49.37,44.01
"2023-03-21 13:00:00",4509,10.4,406,0,-0.096,0.5,-1.67,0.044,-0.149,-0.085,-0.33,46.66,42.81
"2023-03-21 13:30:00",4510,10.52,406,0,-0.018,1.06,-1.4,0.094,-0.125,0.003,-0.303,56.46,43.85
"2023-03-21 14:00:00",4511,10.57,406,0,-0.088,0.52,-1.6,0.046,-0.142,-0.077,-0.323,47.13,43.44
"2023-03-21 14:30:00",4512,10.53,406,0,-0.223,-0.96,-1.49,-0.086,-0.133,-0.133,-0.288,46.68,45.33
"2023-03-21 15:00:00",4513,10.29,406,0,-0.204,-0.5,-1.79,-0.045,-0.159,-0.155,-0.333,43.12,43.02
"2023-03-21 15:30:00",4514,10.11,406,0,-0.226,-0.64,-1.89,-0.057,-0.168,-0.151,-0.341,43.8,42.03
"2023-03-21 16:00:00",4515,9.86,406,0,-0.173,-0.17,-1.81,-0.016,-0.161,-0.156,-0.345,42.87,41.26
"2023-03-21 16:30:00",4516,9.51,406,0,-0.208,-0.45,-1.89,-0.041,-0.168,-0.169,-0.348,41.54,41.18
"2023-03-22 14:00:00",4517,9.71,406,0,-0.176,-0.44,-1.54,-0.04,-0.137,-0.117,-0.302,47,44.4
"2023-03-22 14:30:00",4518,9.55,406,0,-0.155,-0.45,-1.29,-0.041,-0.115,-0.068,-0.274,54.74,46.58
